0 0.260134 0.716127 0.113642 0.561571
0 0.090603 0.752702 0.135888 0.480308
0 0.777533 0.684743 0.105254 0.443420
0 0.930634 0.748393 0.135674 0.498013
0 0.556960 0.697909 0.128232 0.596613
0 0.466149 0.687153 0.066168 0.274810
0 0.621811 0.686217 0.112989 0.572921
0 0.973532 0.732435 0.052481 0.535131
0 0.023719 0.581767 0.047438 0.232626
26 0.727185 0.801914 0.081069 0.205509
0 0.560321 0.780800 0.124309 0.438400
26 0.229058 0.824789 0.082808 0.254197
0 0.012285 0.804069 0.024317 0.379318
0 0.972867 0.623937 0.053518 0.303056
0 0.852443 0.720012 0.069514 0.255857
26 0.209876 0.829140 0.043730 0.233663
24 0.727597 0.798552 0.080687 0.210086
