0 0.961476 0.561441 0.076241 0.373179
0 0.264971 0.720305 0.133607 0.550854
0 0.545764 0.715028 0.119562 0.562631
0 0.681382 0.633561 0.092288 0.417077
0 0.037528 0.734654 0.075055 0.526436
0 0.627062 0.662452 0.095995 0.532893
0 0.451300 0.753154 0.128922 0.487908
0 0.121759 0.717996 0.097516 0.556281
0 0.175089 0.721811 0.082974 0.534573
0 0.312206 0.644189 0.060508 0.236072
0 0.616457 0.652828 0.068776 0.525039
0 0.711103 0.648855 0.039487 0.215284
0 0.348685 0.664408 0.038260 0.184296
26 0.087358 0.782182 0.068458 0.227513
26 0.091029 0.741211 0.072556 0.309748
26 0.093516 0.847430 0.079978 0.200747
26 0.092047 0.711612 0.075625 0.469907
26 0.100552 0.706530 0.080084 0.354869
26 0.097145 0.890737 0.072281 0.111703
