0 0.086983 0.747708 0.138532 0.492290
0 0.264864 0.719682 0.108982 0.552455
0 0.933466 0.721700 0.132546 0.550517
0 0.457552 0.686679 0.070406 0.274983
0 0.757739 0.680371 0.086415 0.443549
0 0.849671 0.737875 0.144992 0.517741
0 0.557573 0.704839 0.148244 0.584078
0 0.635298 0.689356 0.116212 0.573062
26 0.714619 0.795331 0.077495 0.210916
26 0.211647 0.839623 0.040534 0.235645
0 0.501121 0.705539 0.048152 0.217946
26 0.226098 0.832553 0.068451 0.232170
0 0.022838 0.577208 0.045675 0.225380
26 0.242381 0.852017 0.056418 0.135050
0 0.016746 0.751352 0.033422 0.491591
4 0.508162 0.400074 0.614577 0.724433
26 0.207310 0.863802 0.028819 0.166698
