0 0.073963 0.747377 0.132938 0.494284
0 0.235645 0.710691 0.106828 0.571065
0 0.787227 0.681429 0.109358 0.442707
0 0.510351 0.757918 0.103971 0.481220
0 0.580826 0.674158 0.073941 0.578069
0 0.887642 0.715889 0.119992 0.283742
0 0.017734 0.565455 0.035417 0.204719
0 0.565516 0.678369 0.099624 0.584101
0 0.918302 0.710438 0.078865 0.272595
26 0.733069 0.802458 0.082020 0.214022
0 0.459440 0.691290 0.049871 0.270952
26 0.212547 0.823689 0.082948 0.248468
0 0.932295 0.696703 0.072048 0.265416
26 0.224350 0.848450 0.060619 0.143360
26 0.012116 0.794750 0.024232 0.122280
