0 0.231314 0.706898 0.106988 0.579933
0 0.600452 0.735662 0.158349 0.517473
0 0.418555 0.666649 0.069365 0.264552
0 0.086671 0.751746 0.125318 0.494034
0 0.670252 0.721059 0.117526 0.553095
0 0.724952 0.653428 0.073209 0.469043
0 0.460038 0.689577 0.041561 0.207100
26 0.199936 0.786334 0.093365 0.228158
0 0.624624 0.518335 0.050009 0.248455
0 0.854699 0.680971 0.083446 0.249683
0 0.014530 0.572810 0.028849 0.231459
0 0.806577 0.700746 0.107682 0.256965
26 0.217484 0.813310 0.061362 0.128036
0 0.013926 0.538326 0.027772 0.167758
26 0.180008 0.797474 0.051740 0.218731
