0 0.701625 0.742657 0.136140 0.503555
0 0.254153 0.710556 0.104677 0.569009
0 0.085711 0.745888 0.125188 0.502023
0 0.437504 0.676001 0.066822 0.268013
0 0.779780 0.724481 0.131648 0.539532
0 0.479524 0.699684 0.045845 0.218185
26 0.222646 0.798933 0.076567 0.210800
0 0.567998 0.732227 0.087604 0.518399
26 0.230507 0.805920 0.061653 0.180953
0 0.620079 0.670801 0.064165 0.579117
0 0.863679 0.698448 0.108215 0.269252
26 0.216289 0.836330 0.083846 0.288608
0 0.429042 0.674838 0.050573 0.228520
0 0.020022 0.668306 0.040044 0.417025
0 0.735648 0.533523 0.047054 0.208031
0 0.019552 0.612361 0.039047 0.299216
