0 0.644433 0.724799 0.123495 0.542871
0 0.136542 0.717346 0.103907 0.558350
0 0.046549 0.749686 0.093097 0.492645
0 0.309049 0.722913 0.112410 0.545960
0 0.235694 0.724508 0.116580 0.541937
0 0.545780 0.774172 0.114485 0.447250
0 0.979776 0.583806 0.039968 0.336371
26 0.111260 0.792511 0.066499 0.201770
0 0.373400 0.672409 0.036072 0.182436
0 0.738852 0.656352 0.068202 0.240172
0 0.673913 0.550560 0.056252 0.266233
26 0.111583 0.821251 0.064670 0.138633
0 0.679598 0.640092 0.067656 0.449142
0 0.695045 0.634350 0.096671 0.440699
13 0.810627 0.683304 0.064391 0.086528
