0 0.290839 0.729345 0.113607 0.536910
0 0.737668 0.712350 0.108351 0.562066
0 0.141188 0.714177 0.100215 0.565243
0 0.384788 0.714904 0.132360 0.557833
0 0.639249 0.771336 0.120258 0.452525
0 0.051837 0.748293 0.103673 0.498994
26 0.125186 0.789122 0.063939 0.204207
0 0.542533 0.710222 0.108066 0.551624
0 0.673772 0.489785 0.055172 0.164715
0 0.626233 0.539568 0.071295 0.295996
26 0.128090 0.754915 0.061068 0.286532
26 0.128789 0.821062 0.055548 0.129778
0 0.016431 0.749150 0.032862 0.493311
26 0.119444 0.798313 0.075077 0.255834
