0 0.165255 0.678156 0.091193 0.514074
0 0.663488 0.609630 0.086360 0.358120
0 0.078266 0.720096 0.106502 0.555152
0 0.740101 0.553163 0.059128 0.329813
0 0.600124 0.666527 0.108644 0.529911
0 0.525422 0.727821 0.115361 0.485115
0 0.264329 0.641311 0.035417 0.157702
26 0.041996 0.742404 0.056219 0.203992
0 0.234709 0.628110 0.049352 0.183522
0 0.014913 0.634257 0.029826 0.402128
26 0.043121 0.680972 0.056289 0.318329
26 0.041260 0.771616 0.055309 0.147405
0 0.244416 0.627374 0.031306 0.178271
3 0.982594 0.550050 0.034307 0.206487
2 0.966258 0.422340 0.066440 0.163484
