0 0.086005 0.747268 0.142396 0.493275
0 0.266169 0.720063 0.109604 0.552702
0 0.823227 0.734209 0.140754 0.525398
0 0.898369 0.717993 0.139669 0.546044
0 0.637542 0.692138 0.111104 0.577508
0 0.455713 0.683922 0.066816 0.272266
0 0.554850 0.716424 0.144927 0.564633
26 0.712327 0.792216 0.078331 0.210218
26 0.228640 0.840514 0.069654 0.235394
0 0.742555 0.669889 0.064680 0.429366
0 0.501313 0.707224 0.045294 0.211818
24 0.712714 0.795304 0.078104 0.202382
26 0.212747 0.837897 0.037228 0.224968
0 0.742930 0.593149 0.062217 0.268680
0 0.022215 0.574078 0.044429 0.214534
4 0.597927 0.397598 0.416594 0.637046
26 0.243385 0.845455 0.056600 0.143408
0 0.016624 0.747384 0.033188 0.500558
