0 0.726630 0.750975 0.293117 0.486157
0 0.293478 0.795214 0.108095 0.396743
0 0.170777 0.768511 0.084328 0.424790
0 0.373525 0.695430 0.059198 0.148458
0 0.605483 0.695420 0.070302 0.374571
0 0.781852 0.675306 0.088799 0.245530
0 0.234330 0.674820 0.061246 0.242652
0 0.852112 0.738392 0.075068 0.469767
0 0.021077 0.642591 0.029913 0.166937
0 0.436062 0.688309 0.028617 0.215671
0 0.081870 0.885472 0.162831 0.216293
0 0.234715 0.763391 0.062074 0.422880
0 0.194074 0.595855 0.029923 0.107165
5 0.091922 0.686846 0.127644 0.338166
0 0.007886 0.641858 0.015734 0.159186
0 0.811841 0.751678 0.148747 0.428316
