0 0.684856 0.816882 0.116945 0.355820
0 0.193388 0.842879 0.089091 0.314242
0 0.555848 0.853862 0.157531 0.292277
0 0.938092 0.781829 0.122234 0.429101
0 0.290743 0.843119 0.090249 0.310820
0 0.419930 0.841033 0.072917 0.164727
0 0.748266 0.806301 0.074377 0.378095
24 0.327355 0.829096 0.053165 0.179129
5 0.107528 0.824046 0.150682 0.347576
0 0.839779 0.815763 0.099403 0.363300
0 0.026612 0.831341 0.050399 0.270686
0 0.011032 0.793207 0.022065 0.185075
0 0.863558 0.814891 0.051610 0.363183
24 0.331329 0.849867 0.045964 0.135497
1 0.092947 0.968065 0.048776 0.063870
0 0.243544 0.731697 0.037157 0.130965
