0 0.181221 0.852521 0.093262 0.293894
0 0.900180 0.805371 0.198312 0.380263
0 0.271761 0.852161 0.080889 0.295678
0 0.663934 0.825326 0.111540 0.345394
0 0.474042 0.862432 0.139000 0.266758
0 0.717875 0.816872 0.057860 0.359159
0 0.392689 0.857105 0.065185 0.161445
24 0.310097 0.846688 0.060585 0.181952
0 0.019779 0.863620 0.039558 0.252059
5 0.088543 0.837565 0.147755 0.320921
0 0.228058 0.764088 0.035561 0.153104
24 0.317739 0.864722 0.044471 0.135373
0 0.381583 0.855469 0.037514 0.155357
0 0.012467 0.867235 0.024928 0.259807
