0 0.920836 0.793573 0.157698 0.411038
0 0.511397 0.852325 0.147686 0.295300
0 0.179565 0.840476 0.093588 0.317283
0 0.667207 0.816698 0.113697 0.357826
0 0.272046 0.842187 0.086872 0.304579
0 0.731678 0.809272 0.080017 0.376317
0 0.400039 0.839775 0.072217 0.163095
0 0.842912 0.812719 0.084338 0.362427
24 0.313973 0.831638 0.051744 0.168361
24 0.318505 0.848001 0.043836 0.131601
5 0.088350 0.821744 0.155285 0.350380
0 0.014993 0.841465 0.029905 0.278195
0 0.023531 0.845615 0.035349 0.263582
0 0.228635 0.715511 0.036279 0.105386
0 0.229368 0.737703 0.037947 0.147950
