0 0.555913 0.701125 0.244090 0.584721
0 0.790729 0.697820 0.119679 0.569733
0 0.109983 0.832428 0.219185 0.319187
0 0.183525 0.615552 0.076268 0.401629
24 0.224278 0.558519 0.039170 0.135172
0 0.285170 0.553419 0.057664 0.138327
0 0.118767 0.580587 0.067208 0.268063
5 0.043881 0.529774 0.087747 0.315664
0 0.146154 0.453982 0.025835 0.116958
0 0.091243 0.548084 0.059444 0.246584
0 0.584584 0.533861 0.053664 0.259249
26 0.828199 0.594774 0.026220 0.119806
0 0.526829 0.553374 0.167253 0.293686
24 0.221218 0.546177 0.043778 0.169730
