0 0.955976 0.784448 0.087624 0.419985
0 0.336940 0.792507 0.126459 0.411419
0 0.079582 0.818214 0.113123 0.361725
0 0.617728 0.845007 0.108154 0.241483
0 0.828918 0.813976 0.121305 0.366809
0 0.450592 0.796583 0.109377 0.404541
0 0.745070 0.793931 0.089709 0.404484
0 0.036544 0.701006 0.045400 0.235606
24 0.501520 0.787553 0.059475 0.209358
0 0.375222 0.659365 0.047067 0.181674
0 0.403059 0.795796 0.060490 0.397829
0 0.063817 0.644084 0.033424 0.155161
0 0.403418 0.696692 0.046969 0.168785
0 0.011540 0.696781 0.022933 0.221308
