0 0.938111 0.786970 0.118782 0.412999
0 0.319878 0.791419 0.114094 0.408884
0 0.439934 0.795362 0.096681 0.403195
0 0.832167 0.809701 0.117662 0.377482
0 0.057514 0.819200 0.095168 0.357375
0 0.660988 0.793676 0.083945 0.407565
0 0.378480 0.808547 0.065534 0.379247
24 0.492598 0.770992 0.066230 0.226270
0 0.584404 0.840594 0.078839 0.225003
0 0.035021 0.676729 0.033420 0.134143
24 0.496201 0.789420 0.054116 0.186984
0 0.061102 0.625442 0.034210 0.101913
0 0.405240 0.660016 0.033892 0.134686
0 0.013235 0.709595 0.026347 0.213223
