0 0.343677 0.793060 0.119152 0.407004
0 0.631003 0.855199 0.108951 0.234094
0 0.970638 0.786749 0.058279 0.416030
0 0.840184 0.822471 0.102146 0.350348
0 0.093538 0.825613 0.121162 0.348773
0 0.771931 0.792489 0.068033 0.410103
0 0.445271 0.792355 0.090890 0.402533
24 0.507935 0.785005 0.063918 0.220264
0 0.039990 0.730910 0.046092 0.238015
0 0.501082 0.798667 0.080162 0.390057
0 0.396189 0.667979 0.051501 0.195846
0 0.233221 0.812209 0.052434 0.102394
0 0.397749 0.772667 0.053563 0.409612
0 0.010745 0.702969 0.021233 0.200602
26 0.896495 0.890190 0.031743 0.119870
