0 0.202009 0.801689 0.101165 0.393649
0 0.826838 0.802380 0.106130 0.383440
0 0.743344 0.793126 0.092144 0.407267
0 0.291214 0.801554 0.081216 0.396892
0 0.437002 0.797248 0.083315 0.179972
0 0.010207 0.712021 0.020414 0.200146
0 0.233459 0.664723 0.041415 0.146777
24 0.345890 0.776275 0.047659 0.169894
0 0.343460 0.787194 0.053948 0.374928
0 0.347596 0.823971 0.049457 0.294148
6 0.834201 0.690685 0.330311 0.374488
0 0.232847 0.644015 0.041002 0.104348
0 0.341031 0.662137 0.047400 0.143945
0 0.540536 0.794029 0.033146 0.252357
