0 0.279073 0.794970 0.106956 0.403761
0 0.945343 0.780441 0.083245 0.421427
0 0.520784 0.787853 0.075518 0.406633
0 0.836009 0.807306 0.103471 0.379640
0 0.376465 0.797286 0.085572 0.397994
0 0.030646 0.803869 0.061292 0.332798
0 0.880066 0.783028 0.084193 0.410548
26 0.560475 0.817683 0.050305 0.150014
0 0.032434 0.672300 0.032814 0.118893
24 0.428753 0.780710 0.057373 0.206273
0 0.675923 0.821229 0.036452 0.299445
0 0.315844 0.675427 0.035945 0.135193
0 0.178928 0.778048 0.041998 0.083677
0 0.317531 0.773294 0.043650 0.331605
