0 0.803229 0.816824 0.174855 0.366205
0 0.912810 0.790724 0.114132 0.412455
0 0.302814 0.794856 0.110070 0.406046
0 0.040361 0.818063 0.080706 0.357276
0 0.605053 0.796299 0.092789 0.403675
24 0.473135 0.758538 0.060903 0.225567
0 0.416544 0.791490 0.089958 0.410458
0 0.977019 0.778464 0.045448 0.432480
0 0.367748 0.795232 0.055119 0.376011
0 0.063158 0.665688 0.044737 0.197063
0 0.545576 0.825629 0.050170 0.225490
0 0.197890 0.796216 0.047288 0.072246
24 0.476541 0.787352 0.053648 0.166482
26 0.890470 0.857594 0.033397 0.175832
