0 0.534899 0.835425 0.114013 0.327469
0 0.892242 0.648822 0.087411 0.418291
0 0.630087 0.773856 0.203539 0.447628
0 0.782161 0.784018 0.230759 0.422327
0 0.937560 0.782814 0.123744 0.423398
0 0.312943 0.795784 0.140449 0.401261
0 0.427383 0.711384 0.184175 0.563097
0 0.362340 0.511389 0.052249 0.189139
0 0.114672 0.848154 0.228949 0.284574
0 0.248281 0.803842 0.099373 0.382144
0 0.962670 0.783494 0.074323 0.420718
26 0.963284 0.881135 0.072379 0.237272
0 0.677553 0.636425 0.072617 0.194051
0 0.324751 0.532495 0.046312 0.147499
0 0.383227 0.711906 0.270333 0.562961
0 0.426090 0.853780 0.187901 0.288433
0 0.284863 0.523220 0.042708 0.204096
