0 0.786433 0.865221 0.194340 0.264723
0 0.307502 0.674702 0.128740 0.391175
0 0.538841 0.592806 0.063049 0.367903
0 0.807008 0.634768 0.125812 0.355444
0 0.052382 0.611960 0.095840 0.259060
0 0.117514 0.842741 0.234652 0.296562
0 0.703417 0.808340 0.119986 0.367441
0 0.826063 0.632892 0.089851 0.354334
0 0.623006 0.737275 0.114378 0.510306
0 0.118542 0.696198 0.082770 0.174317
0 0.424495 0.551756 0.074560 0.218278
0 0.209767 0.641080 0.084984 0.226196
0 0.974012 0.831024 0.051550 0.322129
0 0.462618 0.513130 0.061693 0.242690
0 0.443223 0.812932 0.110899 0.187191
0 0.951822 0.746891 0.093738 0.328618
0 0.409406 0.723891 0.086797 0.170188
0 0.974351 0.929582 0.050704 0.139726
0 0.425656 0.935319 0.155255 0.129293
