0 0.600077 0.772067 0.194680 0.447621
0 0.880581 0.662836 0.084321 0.441533
0 0.748757 0.808921 0.222798 0.376718
0 0.299988 0.796788 0.135071 0.399710
0 0.424183 0.711653 0.182784 0.564139
0 0.649947 0.623880 0.068749 0.231213
0 0.958330 0.690291 0.081068 0.232622
0 0.358959 0.512026 0.051252 0.189040
56 0.236800 0.879122 0.068420 0.197799
0 0.112059 0.727538 0.097903 0.158910
24 0.948020 0.869484 0.102979 0.253805
0 0.281468 0.523466 0.041417 0.201199
0 0.952175 0.782533 0.094905 0.418544
0 0.114925 0.848835 0.229530 0.287048
0 0.391340 0.663954 0.087918 0.198019
