0 0.912374 0.737308 0.174607 0.510204
0 0.633639 0.744861 0.193476 0.499024
0 0.880301 0.880932 0.126237 0.237557
0 0.949196 0.521745 0.080036 0.270203
0 0.486667 0.738095 0.121039 0.482203
0 0.151355 0.738036 0.141691 0.489587
0 0.294794 0.840841 0.140273 0.316524
0 0.551450 0.639380 0.070182 0.427178
0 0.108532 0.835961 0.215935 0.305514
0 0.648361 0.530814 0.065372 0.275797
0 0.425042 0.882042 0.213054 0.235915
0 0.385686 0.613548 0.070050 0.182053
0 0.409837 0.798361 0.125825 0.232583
56 0.748017 0.757921 0.050340 0.088086
0 0.261750 0.795839 0.103711 0.370973
0 0.048531 0.588006 0.064556 0.274126
0 0.235464 0.631519 0.075798 0.335339
0 0.032083 0.437518 0.032455 0.140604
