0 0.760173 0.766573 0.155332 0.458311
0 0.625209 0.829906 0.195627 0.339542
0 0.891621 0.888431 0.156092 0.223137
0 0.401006 0.533148 0.072904 0.218276
0 0.120289 0.833569 0.239806 0.313064
0 0.288837 0.609382 0.123979 0.312003
0 0.088071 0.653441 0.099705 0.171087
0 0.616609 0.631182 0.094084 0.098316
0 0.940026 0.668102 0.069814 0.210173
0 0.225920 0.541481 0.063695 0.219507
0 0.498431 0.691349 0.103913 0.600069
25 0.760739 0.562395 0.088685 0.080737
0 0.951656 0.679748 0.092670 0.228647
0 0.450195 0.542375 0.055755 0.344883
0 0.383287 0.833173 0.146464 0.329248
0 0.905752 0.805337 0.187531 0.368717
0 0.186695 0.598060 0.075524 0.201051
