0 0.907499 0.732852 0.184577 0.509451
0 0.582142 0.746052 0.188058 0.495199
0 0.796449 0.873505 0.135921 0.249918
0 0.622268 0.593362 0.067815 0.394831
0 0.131094 0.708474 0.139836 0.428629
0 0.917745 0.524450 0.116412 0.258559
0 0.419114 0.835905 0.177167 0.323927
0 0.103270 0.839807 0.206139 0.296607
0 0.040719 0.584875 0.080796 0.273702
0 0.375095 0.599963 0.081603 0.174686
0 0.939873 0.965533 0.120254 0.067760
0 0.446189 0.721866 0.096590 0.441099
0 0.263551 0.830779 0.136012 0.324381
0 0.314110 0.868708 0.171340 0.262584
0 0.936181 0.525980 0.077225 0.259442
0 0.372642 0.838867 0.269979 0.322266
0 0.361256 0.447202 0.040891 0.103972
