0 0.575079 0.799051 0.187453 0.392732
0 0.513309 0.618027 0.072592 0.330190
0 0.864045 0.719942 0.084023 0.316113
0 0.791011 0.617106 0.098086 0.369365
0 0.961029 0.571678 0.076908 0.398589
0 0.233687 0.778603 0.115168 0.431032
0 0.334136 0.702037 0.171846 0.588034
0 0.689807 0.678307 0.093437 0.225073
0 0.913195 0.787809 0.171262 0.417395
0 0.051266 0.650148 0.094129 0.228323
0 0.324631 0.495540 0.066221 0.154917
0 0.208225 0.536734 0.048239 0.123710
0 0.114765 0.850648 0.229039 0.279951
24 0.750698 0.842979 0.173216 0.312111
0 0.287029 0.702336 0.264126 0.584286
0 0.418936 0.582815 0.061673 0.192334
