0 0.446784 0.740455 0.179327 0.510491
0 0.841168 0.719274 0.180814 0.508573
0 0.574833 0.848819 0.137921 0.299530
0 0.572505 0.562174 0.070439 0.333989
0 0.671730 0.905851 0.148611 0.186351
0 0.976056 0.861625 0.047290 0.269570
0 0.883567 0.915274 0.144761 0.165754
0 0.085392 0.638928 0.121967 0.321133
0 0.886384 0.576809 0.097124 0.358937
0 0.302435 0.800327 0.134384 0.342765
0 0.479941 0.608019 0.066072 0.346474
0 0.342093 0.933939 0.135652 0.126795
0 0.213569 0.831954 0.119642 0.327838
0 0.347434 0.671739 0.090950 0.368332
0 0.269524 0.557880 0.090500 0.219912
0 0.100976 0.840249 0.201031 0.300346
0 0.336559 0.446416 0.039568 0.098807
74 0.807998 0.363202 0.086469 0.200478
