0 0.894029 0.733894 0.211279 0.519338
0 0.523143 0.743234 0.185731 0.497071
0 0.691945 0.863096 0.137289 0.270614
0 0.598019 0.593279 0.073228 0.385853
0 0.823703 0.937315 0.141214 0.125370
0 0.111163 0.683060 0.135150 0.377945
0 0.372705 0.825317 0.156601 0.344416
0 0.269800 0.855029 0.143106 0.289635
0 0.397214 0.705931 0.095706 0.414393
0 0.101260 0.841862 0.202100 0.295267
0 0.407921 0.825982 0.225948 0.336390
0 0.349426 0.453674 0.041399 0.109428
0 0.339105 0.825372 0.222146 0.344848
0 0.895015 0.548742 0.133992 0.155386
0 0.346476 0.569769 0.049349 0.162683
56 0.636670 0.761216 0.042966 0.073446
0 0.014764 0.450444 0.028647 0.118783
0 0.895412 0.520771 0.137141 0.229270
0 0.480267 0.549979 0.135406 0.336405
74 0.842185 0.363014 0.090438 0.201882
