0 0.945626 0.747895 0.108193 0.492242
0 0.927921 0.562652 0.113493 0.344535
0 0.203135 0.746824 0.174228 0.493531
0 0.677748 0.576055 0.070084 0.355665
0 0.109130 0.828559 0.217539 0.321518
0 0.567088 0.738970 0.140521 0.466453
0 0.560367 0.926415 0.171970 0.147170
0 0.730324 0.754413 0.180792 0.482181
0 0.325966 0.814933 0.116300 0.363061
0 0.420724 0.871688 0.188874 0.256122
0 0.398190 0.502766 0.041199 0.217279
0 0.823528 0.882798 0.119309 0.234404
0 0.275876 0.539379 0.062427 0.287717
0 0.451801 0.649653 0.093180 0.318856
0 0.155080 0.549499 0.073372 0.237706
