0 0.877417 0.728519 0.195015 0.521701
0 0.493187 0.741890 0.188140 0.503419
0 0.586595 0.587215 0.069482 0.381316
0 0.336942 0.817276 0.139873 0.354921
0 0.639957 0.855368 0.142070 0.287868
0 0.246743 0.835160 0.166184 0.326249
0 0.754756 0.920659 0.145339 0.155892
0 0.099737 0.659779 0.129268 0.353677
0 0.500866 0.613006 0.061463 0.363941
0 0.377625 0.691012 0.095988 0.393069
0 0.947102 0.937148 0.105719 0.125575
0 0.343133 0.452745 0.038933 0.113994
0 0.101616 0.841998 0.202678 0.293857
0 0.270723 0.569346 0.090964 0.219674
0 0.031527 0.584054 0.063023 0.259170
0 0.332382 0.571680 0.041487 0.173083
0 0.899120 0.533354 0.094461 0.233720
0 0.400391 0.956770 0.136052 0.084550
74 0.829049 0.364341 0.095958 0.200202
