0 0.886659 0.728789 0.201987 0.522564
0 0.507641 0.742759 0.194189 0.500956
0 0.656861 0.858498 0.137937 0.278809
0 0.591871 0.593876 0.069389 0.389484
0 0.348109 0.821977 0.141264 0.353821
0 0.251530 0.843934 0.169697 0.310491
0 0.104128 0.665562 0.129805 0.361830
0 0.382955 0.697725 0.088892 0.400808
0 0.777117 0.926111 0.150842 0.145882
0 0.347180 0.454033 0.040199 0.112956
0 0.508041 0.606785 0.060100 0.342449
74 0.835786 0.363677 0.094303 0.201225
0 0.102328 0.841962 0.204187 0.294907
0 0.271138 0.571782 0.092359 0.223149
0 0.014058 0.447121 0.027897 0.124553
0 0.337576 0.566858 0.045883 0.170542
0 0.034428 0.587500 0.068840 0.263822
0 0.960400 0.942740 0.078403 0.113910
