0 0.570655 0.848559 0.151412 0.299870
0 0.700456 0.775186 0.207991 0.437866
0 0.855184 0.826143 0.188563 0.338722
0 0.978388 0.786103 0.042797 0.414520
0 0.800254 0.700791 0.085767 0.232140
0 0.918516 0.646599 0.098385 0.412123
0 0.342166 0.551781 0.051188 0.184550
0 0.275009 0.590394 0.081564 0.230021
0 0.374395 0.515635 0.048142 0.193227
0 0.113355 0.850623 0.226527 0.281654
0 0.748338 0.688135 0.050803 0.106198
0 0.361108 0.874765 0.163332 0.248224
0 0.252957 0.796482 0.089074 0.385030
0 0.058811 0.667966 0.116778 0.220313
0 0.383090 0.691850 0.114103 0.175051
