0 0.692823 0.748071 0.211042 0.492682
0 0.920870 0.744059 0.157921 0.507812
0 0.956284 0.896083 0.086849 0.207833
0 0.922659 0.531948 0.067113 0.267190
0 0.171408 0.744578 0.143701 0.491081
0 0.469155 0.900341 0.160327 0.199318
0 0.535206 0.747634 0.125221 0.492016
0 0.658304 0.467788 0.068945 0.147076
0 0.242459 0.656363 0.076820 0.354700
0 0.292862 0.806104 0.116094 0.372674
0 0.109421 0.829040 0.218346 0.321864
0 0.573836 0.616582 0.059707 0.363539
0 0.328922 0.851739 0.135243 0.296121
0 0.424679 0.608662 0.082250 0.238583
0 0.137640 0.539168 0.066395 0.221387
0 0.418832 0.848161 0.123435 0.270607
0 0.048947 0.594417 0.061743 0.275054
74 0.924505 0.360093 0.105651 0.214443
0 0.110903 0.750627 0.221007 0.477283
