0 0.555843 0.795111 0.184728 0.399205
0 0.949188 0.586424 0.084069 0.430010
0 0.496367 0.614018 0.074525 0.328066
0 0.782926 0.624764 0.086837 0.383145
0 0.896709 0.787139 0.154238 0.418299
0 0.318360 0.704603 0.171329 0.580755
3 0.723254 0.826793 0.184618 0.332654
0 0.965391 0.891873 0.068599 0.213043
0 0.839273 0.742866 0.065692 0.361944
0 0.222684 0.762228 0.116484 0.405172
0 0.115783 0.852157 0.230607 0.280360
0 0.321672 0.498886 0.056109 0.159711
0 0.421906 0.555457 0.048639 0.268152
0 0.117464 0.763546 0.234928 0.453553
26 0.882868 0.905840 0.034726 0.187198
0 0.203271 0.534581 0.049225 0.116729
0 0.674471 0.723267 0.092036 0.314408
