0 0.743166 0.858353 0.183810 0.283294
0 0.302826 0.646362 0.124001 0.331210
0 0.538244 0.593829 0.063176 0.365086
0 0.954174 0.824407 0.090735 0.333783
0 0.293859 0.884551 0.145628 0.229265
0 0.115996 0.842363 0.231391 0.294690
0 0.820878 0.646505 0.077895 0.399770
0 0.051862 0.607611 0.092568 0.256180
0 0.766176 0.639994 0.101386 0.285585
0 0.419617 0.565720 0.076511 0.234586
0 0.680336 0.801283 0.122715 0.377151
0 0.971196 0.628293 0.054322 0.084374
0 0.419858 0.805090 0.111705 0.182272
0 0.592789 0.738454 0.094401 0.508629
0 0.416763 0.928751 0.146961 0.142498
0 0.462535 0.541285 0.057690 0.297525
0 0.206941 0.638171 0.080658 0.222361
0 0.112890 0.690493 0.083826 0.173917
0 0.691661 0.683064 0.102723 0.125491
