0 0.905640 0.734237 0.186950 0.513623
0 0.560033 0.742804 0.187494 0.497632
0 0.758092 0.870237 0.143573 0.258586
0 0.610756 0.598006 0.073765 0.399157
0 0.125055 0.696343 0.141262 0.411255
0 0.102844 0.843328 0.205294 0.292952
0 0.906021 0.525370 0.124324 0.255244
0 0.896932 0.954008 0.137108 0.090451
0 0.039078 0.585452 0.077481 0.274034
0 0.401523 0.830817 0.179643 0.337516
0 0.425831 0.714790 0.100750 0.422863
0 0.358000 0.833070 0.266019 0.332951
0 0.292240 0.864853 0.167851 0.269515
56 0.671135 0.762487 0.046066 0.074639
26 0.032004 0.595055 0.045835 0.133450
0 0.018983 0.447942 0.028441 0.122184
0 0.486279 0.569938 0.132985 0.375743
