0 0.894881 0.731460 0.206509 0.521161
0 0.514025 0.741362 0.189051 0.502000
0 0.673089 0.860379 0.135899 0.275693
0 0.596278 0.595136 0.070329 0.390783
0 0.799755 0.931582 0.139476 0.136837
0 0.358045 0.822906 0.147173 0.350420
0 0.108016 0.675211 0.130937 0.368531
0 0.262025 0.852527 0.155000 0.294556
0 0.388123 0.701304 0.092605 0.401901
74 0.838086 0.364504 0.091098 0.203157
0 0.348688 0.456890 0.041326 0.116984
0 0.101914 0.845307 0.202862 0.294418
0 0.342021 0.567708 0.047963 0.163623
0 0.976207 0.947271 0.046807 0.104450
0 0.890330 0.538674 0.133549 0.190954
56 0.626475 0.758926 0.037527 0.067232
0 0.014097 0.449182 0.028123 0.120866
