0 0.311323 0.737584 0.142142 0.496431
0 0.534335 0.602889 0.064431 0.375443
0 0.960273 0.763503 0.078584 0.348754
0 0.816841 0.551783 0.109238 0.212345
0 0.045012 0.622864 0.089533 0.266568
0 0.417761 0.558597 0.080165 0.221339
0 0.851053 0.885499 0.195895 0.226473
0 0.699369 0.743409 0.197636 0.500225
0 0.107243 0.848506 0.213960 0.285739
0 0.456692 0.526687 0.056382 0.250671
0 0.461470 0.838136 0.105295 0.196737
0 0.827501 0.699306 0.100700 0.196392
0 0.750532 0.568787 0.066442 0.177515
0 0.239942 0.583604 0.078151 0.239284
0 0.320586 0.462548 0.034915 0.088237
0 0.379094 0.822918 0.165084 0.338104
0 0.443177 0.952479 0.157185 0.092167
0 0.119325 0.712549 0.084911 0.177426
0 0.220791 0.878217 0.137332 0.238658
0 0.199337 0.647545 0.080912 0.215644
