0 0.645480 0.744337 0.194930 0.499462
0 0.913482 0.735785 0.172057 0.511718
0 0.894157 0.883059 0.132029 0.231243
0 0.301362 0.841203 0.143295 0.317418
0 0.491945 0.743792 0.129477 0.489301
0 0.153281 0.739365 0.147536 0.492406
0 0.107878 0.837351 0.215455 0.304746
0 0.555258 0.612625 0.069016 0.372858
0 0.947922 0.517855 0.085455 0.264854
0 0.409178 0.884983 0.157156 0.230035
0 0.645004 0.456743 0.060189 0.132830
0 0.378830 0.610842 0.065118 0.182684
0 0.265835 0.781087 0.106269 0.348763
0 0.045663 0.587267 0.080153 0.272854
0 0.646733 0.520675 0.061911 0.258839
0 0.236618 0.628980 0.079372 0.322768
0 0.127167 0.526322 0.061547 0.215413
0 0.409026 0.580078 0.070114 0.190522
0 0.306352 0.531627 0.067047 0.141744
