0 0.734022 0.764264 0.168840 0.462033
0 0.558315 0.726107 0.260508 0.538341
0 0.899120 0.790096 0.201213 0.401266
0 0.846407 0.879694 0.148060 0.240612
0 0.120224 0.828831 0.239593 0.323091
0 0.593078 0.822063 0.191175 0.355864
0 0.391647 0.530969 0.072135 0.223110
0 0.516066 0.506918 0.054324 0.243900
0 0.367854 0.906541 0.130244 0.185981
0 0.239443 0.832355 0.138559 0.319033
0 0.078038 0.641615 0.088796 0.165137
0 0.346555 0.754657 0.108463 0.196175
0 0.271969 0.612283 0.132007 0.325570
0 0.152985 0.667623 0.077864 0.226638
74 0.713174 0.356050 0.074403 0.183689
0 0.924751 0.665717 0.073330 0.208202
0 0.178375 0.589790 0.071795 0.197357
0 0.593227 0.625098 0.087435 0.105676
0 0.478975 0.720992 0.105143 0.540306
