0 0.393467 0.741954 0.167083 0.500617
0 0.507180 0.840499 0.130248 0.315354
0 0.800261 0.707106 0.172232 0.488218
0 0.939550 0.835090 0.118910 0.326046
0 0.556858 0.558840 0.069570 0.311092
0 0.797882 0.898526 0.148329 0.199336
0 0.867974 0.605566 0.093464 0.359782
0 0.070942 0.633578 0.121888 0.308690
0 0.621902 0.888685 0.202810 0.211326
0 0.278543 0.913323 0.156080 0.173354
74 0.786729 0.366091 0.088363 0.199706
0 0.255349 0.789333 0.120087 0.334972
0 0.262373 0.579859 0.086385 0.238496
0 0.588834 0.886134 0.135152 0.204405
0 0.102026 0.848954 0.202650 0.281227
0 0.305830 0.676089 0.086505 0.289034
0 0.173485 0.798879 0.096386 0.325169
0 0.452197 0.569251 0.111940 0.370067
0 0.328554 0.452195 0.038517 0.091579
0 0.463712 0.590003 0.078895 0.344186
0 0.122632 0.578211 0.056329 0.167460
