0 0.403975 0.740893 0.168625 0.502391
0 0.948602 0.835400 0.102292 0.322132
0 0.807562 0.713284 0.173209 0.512101
0 0.518944 0.840639 0.134407 0.311262
0 0.560074 0.552667 0.069086 0.298432
0 0.816355 0.900797 0.141429 0.194279
0 0.074332 0.631696 0.119401 0.310720
0 0.315327 0.659749 0.087763 0.339101
0 0.871803 0.698147 0.089869 0.559639
74 0.791323 0.366907 0.087158 0.195240
0 0.467479 0.600078 0.084505 0.339303
0 0.287000 0.917804 0.155658 0.164392
0 0.263741 0.573603 0.089048 0.236050
0 0.605056 0.888723 0.134836 0.200307
0 0.102478 0.850318 0.204032 0.282023
0 0.873878 0.603553 0.092412 0.372124
0 0.640895 0.891082 0.207351 0.206704
0 0.265622 0.794315 0.125215 0.338416
0 0.330151 0.449737 0.039148 0.093415
0 0.179551 0.811318 0.104632 0.314640
0 0.457207 0.565793 0.108374 0.368851
