0 0.769894 0.757213 0.182357 0.472304
0 0.927393 0.590623 0.143797 0.405508
0 0.213642 0.752515 0.160599 0.478400
0 0.594652 0.758529 0.142688 0.476345
0 0.688813 0.603756 0.073769 0.413593
0 0.881584 0.881073 0.118485 0.237853
0 0.108938 0.830774 0.217422 0.316543
0 0.449854 0.880480 0.166003 0.239040
0 0.348681 0.820253 0.120246 0.356921
0 0.108788 0.601421 0.073724 0.336770
0 0.044331 0.598868 0.070494 0.268530
0 0.155139 0.598859 0.079821 0.327950
0 0.295771 0.549516 0.076792 0.301672
0 0.404379 0.505700 0.041200 0.221542
0 0.636938 0.945753 0.160696 0.103125
0 0.964409 0.830697 0.070726 0.331475
0 0.573646 0.621086 0.086455 0.374639
26 0.041144 0.647824 0.047770 0.135669
