0 0.326686 0.741264 0.155219 0.500776
0 0.838758 0.605744 0.092737 0.345580
0 0.922081 0.900212 0.155043 0.194255
0 0.536250 0.598216 0.066366 0.369342
0 0.423395 0.824228 0.130179 0.329029
0 0.048300 0.630809 0.095676 0.275010
0 0.767176 0.747173 0.175931 0.490738
0 0.419047 0.582638 0.087077 0.269367
0 0.100991 0.851283 0.201612 0.280367
0 0.922627 0.756849 0.147874 0.276001
0 0.696894 0.779146 0.086058 0.422177
0 0.492700 0.869606 0.122312 0.247501
0 0.460171 0.531172 0.062341 0.267666
0 0.215003 0.889560 0.109162 0.220879
0 0.978599 0.717722 0.042347 0.243599
0 0.319495 0.460617 0.035832 0.091218
0 0.470583 0.949781 0.165847 0.095715
