0 0.905828 0.733619 0.186814 0.513747
0 0.570523 0.747906 0.192497 0.484898
0 0.615227 0.601128 0.071812 0.406128
0 0.776497 0.869269 0.140368 0.258380
0 0.126609 0.699126 0.138391 0.420951
0 0.911100 0.526884 0.125395 0.253599
0 0.103437 0.840867 0.206438 0.294059
0 0.038484 0.584199 0.076577 0.275797
0 0.366134 0.849096 0.283564 0.299143
0 0.436820 0.724968 0.099855 0.451185
0 0.919320 0.959334 0.137768 0.080365
0 0.415216 0.835417 0.184272 0.318703
0 0.316633 0.865137 0.167871 0.266113
0 0.412839 0.722695 0.151002 0.445347
74 0.861919 0.363007 0.086678 0.206431
0 0.359020 0.449998 0.040910 0.109409
0 0.370338 0.592047 0.068935 0.172065
