0 0.908094 0.735239 0.182676 0.509080
0 0.594058 0.747544 0.198842 0.494007
0 0.625896 0.599647 0.069447 0.410699
0 0.816596 0.874353 0.134219 0.250518
0 0.135942 0.716041 0.137314 0.447193
0 0.103795 0.837255 0.207192 0.301514
0 0.938914 0.526618 0.078482 0.265280
0 0.398207 0.846630 0.248688 0.306336
0 0.459198 0.732247 0.103059 0.465788
0 0.041557 0.586877 0.079867 0.275772
0 0.428293 0.837525 0.180457 0.317721
0 0.379645 0.608026 0.086688 0.197249
74 0.871898 0.361519 0.086382 0.209789
0 0.922357 0.526829 0.113318 0.265986
0 0.270470 0.834736 0.137772 0.327225
0 0.525029 0.592327 0.070378 0.310655
56 0.954296 0.968250 0.090387 0.055017
