0 0.660999 0.807832 0.207468 0.380324
0 0.389531 0.705144 0.179250 0.582249
0 0.585245 0.601066 0.087026 0.282041
0 0.536758 0.765216 0.162953 0.462011
0 0.267835 0.782845 0.132843 0.423818
0 0.921431 0.779993 0.084934 0.424467
0 0.840472 0.582738 0.087994 0.290671
0 0.742224 0.690619 0.072777 0.246845
0 0.114293 0.764030 0.228587 0.450090
0 0.275625 0.502420 0.039327 0.165708
0 0.089827 0.468058 0.030708 0.151465
0 0.337089 0.508659 0.068166 0.190584
56 0.204816 0.810997 0.068707 0.132105
0 0.841676 0.708375 0.092926 0.543139
0 0.740151 0.648088 0.067479 0.164990
