0 0.898974 0.733480 0.200489 0.516951
0 0.549359 0.744021 0.190939 0.500537
0 0.608105 0.593323 0.070369 0.391410
0 0.737258 0.867587 0.136324 0.263607
0 0.871943 0.945235 0.140304 0.107381
0 0.121232 0.688489 0.135925 0.403890
0 0.412768 0.716314 0.114434 0.436175
0 0.102109 0.840847 0.203857 0.296776
0 0.395345 0.826170 0.174989 0.341333
0 0.900428 0.520631 0.129037 0.235753
0 0.286763 0.860052 0.152022 0.278460
56 0.659805 0.760752 0.046255 0.073293
0 0.355712 0.576534 0.053815 0.174256
0 0.347697 0.825399 0.264710 0.344347
0 0.037906 0.584214 0.075812 0.275556
0 0.355094 0.453259 0.041503 0.116065
0 0.017571 0.445475 0.029793 0.119554
