0 0.609005 0.804152 0.207236 0.381310
0 0.355046 0.709238 0.180751 0.570892
0 0.887785 0.775744 0.096122 0.417756
0 0.535979 0.622504 0.072005 0.344620
0 0.810553 0.614318 0.090216 0.353945
0 0.250408 0.781372 0.122044 0.426830
0 0.710892 0.677094 0.081717 0.219028
0 0.483206 0.767425 0.145673 0.451085
0 0.971709 0.515903 0.056046 0.282612
0 0.332430 0.496689 0.068075 0.155618
0 0.962439 0.790593 0.074146 0.401763
0 0.116869 0.846303 0.233420 0.289331
0 0.089858 0.463647 0.030492 0.136363
0 0.167374 0.692355 0.119272 0.239045
0 0.055184 0.694197 0.109329 0.153782
0 0.153021 0.692711 0.088064 0.224514
0 0.273375 0.498227 0.036967 0.148517
