0 0.938131 0.741735 0.122535 0.503945
0 0.924964 0.576341 0.099976 0.366230
0 0.317128 0.811170 0.116430 0.370754
0 0.188694 0.745414 0.150279 0.497778
0 0.803139 0.884405 0.121384 0.228574
0 0.556949 0.746034 0.145647 0.482203
0 0.398474 0.867808 0.186276 0.261945
0 0.720139 0.751428 0.188845 0.486772
0 0.538003 0.919160 0.174437 0.161679
0 0.109332 0.827820 0.218092 0.324366
74 0.944295 0.353278 0.106664 0.246646
0 0.671088 0.546737 0.070734 0.303630
0 0.149578 0.541483 0.064426 0.226782
0 0.445957 0.638341 0.094238 0.302814
0 0.671729 0.471926 0.071109 0.153265
26 0.042459 0.623315 0.050217 0.134563
0 0.271499 0.517884 0.061545 0.256337
