0 0.895447 0.732757 0.207755 0.520211
0 0.539624 0.742622 0.193486 0.500480
0 0.713218 0.865654 0.135577 0.266145
0 0.602786 0.593679 0.071693 0.391799
0 0.847093 0.941537 0.141367 0.115399
0 0.410890 0.711855 0.097524 0.420548
0 0.411318 0.826495 0.218570 0.336849
0 0.113720 0.684480 0.138298 0.390944
0 0.101796 0.842502 0.203151 0.294464
0 0.270897 0.858654 0.156744 0.281207
56 0.648061 0.760387 0.045464 0.073411
0 0.898504 0.527891 0.132091 0.208949
0 0.351036 0.568430 0.053080 0.160615
0 0.352034 0.451006 0.042863 0.111541
