0 0.463637 0.739276 0.191031 0.507463
0 0.851741 0.729148 0.185916 0.524177
0 0.576819 0.573445 0.069002 0.344862
0 0.592811 0.853019 0.138801 0.292201
0 0.693834 0.910790 0.150226 0.174922
0 0.310795 0.808417 0.132417 0.344634
0 0.227548 0.837394 0.131691 0.323027
0 0.485023 0.612975 0.069388 0.350038
0 0.089891 0.648278 0.125486 0.327193
0 0.353996 0.681764 0.090722 0.376770
0 0.905086 0.919470 0.145359 0.154152
0 0.985739 0.864667 0.028022 0.257771
0 0.353935 0.940233 0.136543 0.119534
0 0.897508 0.579833 0.102281 0.350132
0 0.273293 0.558873 0.085771 0.216226
0 0.101011 0.842039 0.201579 0.295708
0 0.338553 0.449841 0.040400 0.096212
0 0.449668 0.448673 0.081686 0.131286
0 0.026994 0.581752 0.053988 0.259645
