0 0.543106 0.725028 0.259577 0.542191
0 0.720731 0.766825 0.171195 0.458123
0 0.829083 0.876684 0.152865 0.246633
0 0.512737 0.516317 0.055825 0.262712
0 0.121534 0.829585 0.242283 0.322082
0 0.354267 0.826727 0.137436 0.344260
0 0.887265 0.790437 0.224078 0.406214
0 0.825539 0.553691 0.057797 0.079012
0 0.072632 0.641376 0.084977 0.165571
0 0.574526 0.816842 0.192491 0.365359
0 0.390197 0.532194 0.072350 0.227795
0 0.922753 0.667075 0.075023 0.211850
0 0.175797 0.589300 0.068596 0.193675
0 0.236189 0.832301 0.136364 0.323277
0 0.149988 0.666897 0.078991 0.228816
