0 0.222866 0.677411 0.097770 0.511513
0 0.605217 0.570782 0.091175 0.512340
0 0.363844 0.598468 0.105217 0.561967
0 0.410656 0.895762 0.118472 0.208476
24 0.379292 0.512201 0.065575 0.189378
0 0.256553 0.611122 0.081962 0.490540
26 0.273916 0.539617 0.044689 0.144195
26 0.631471 0.507513 0.036275 0.188878
26 0.620279 0.495048 0.060115 0.204716
0 0.066294 0.497211 0.023507 0.101589
26 0.263708 0.538114 0.063458 0.148284
26 0.274511 0.556955 0.042427 0.105855
26 0.633532 0.540527 0.032115 0.147839
