24 0.394680 0.515541 0.071994 0.200354
0 0.624270 0.582595 0.133963 0.532081
0 0.244650 0.695020 0.126003 0.530291
0 0.461329 0.887007 0.135182 0.223919
0 0.372081 0.610788 0.105263 0.587681
26 0.669393 0.508988 0.040424 0.167985
26 0.652868 0.498577 0.074053 0.193426
26 0.305065 0.560760 0.046063 0.114697
0 0.084805 0.508904 0.024365 0.110508
0 0.273432 0.585366 0.064609 0.403055
26 0.662788 0.501012 0.055824 0.182318
0 0.281605 0.612006 0.082773 0.465714
0 0.302492 0.453128 0.051058 0.185845
0 0.271978 0.502021 0.062280 0.234389
