24 0.361005 0.492756 0.065639 0.192959
0 0.587834 0.567653 0.114032 0.512639
0 0.200062 0.665112 0.099686 0.508741
0 0.937400 0.819154 0.123857 0.350718
0 0.385848 0.877848 0.118820 0.244305
0 0.343097 0.585007 0.099794 0.547171
0 0.050482 0.494467 0.023413 0.107868
26 0.600148 0.502026 0.038861 0.169764
26 0.603938 0.518322 0.030550 0.128581
26 0.591666 0.490675 0.056376 0.198543
0 0.240202 0.600624 0.080909 0.469018
62 0.132690 0.355954 0.264394 0.391506
26 0.255788 0.532452 0.035048 0.147572
