0 0.674599 0.545613 0.121877 0.477705
24 0.522740 0.522776 0.077908 0.223085
0 0.486046 0.641340 0.150962 0.678808
0 0.346152 0.707968 0.139803 0.576277
0 0.097477 0.532271 0.068344 0.321264
0 0.802704 0.632707 0.096520 0.644356
0 0.015308 0.541767 0.030617 0.292932
0 0.154498 0.546691 0.040754 0.218196
0 0.145835 0.526469 0.057424 0.267903
0 0.019357 0.518479 0.032654 0.259936
26 0.837021 0.534279 0.073249 0.226961
0 0.160748 0.553568 0.033541 0.202645
26 0.853085 0.576536 0.041042 0.128922
0 0.360880 0.464975 0.075643 0.168811
0 0.849161 0.633965 0.090326 0.509307
