2 0.916557 0.468309 0.166403 0.272314
0 0.247132 0.635028 0.096208 0.453438
0 0.780073 0.638202 0.141135 0.718896
0 0.450187 0.566034 0.085214 0.480305
0 0.544299 0.725937 0.138871 0.541059
24 0.848706 0.541075 0.074977 0.253999
0 0.140504 0.540368 0.046408 0.274819
26 0.613499 0.629444 0.084261 0.233388
0 0.018201 0.674790 0.036401 0.432965
0 0.108528 0.541119 0.047736 0.266597
0 0.311416 0.546551 0.030593 0.138487
0 0.019805 0.597251 0.039574 0.279864
0 0.593360 0.686485 0.101147 0.603978
0 0.488224 0.576122 0.050022 0.420517
