24 0.474521 0.516714 0.072801 0.212451
0 0.731158 0.610994 0.137407 0.598094
0 0.309384 0.704613 0.096356 0.571492
0 0.455397 0.631169 0.125368 0.638690
0 0.043577 0.514437 0.080029 0.283000
26 0.768552 0.542650 0.037289 0.177183
0 0.514064 0.521917 0.091544 0.401471
26 0.756551 0.529067 0.062725 0.212014
0 0.637963 0.939657 0.148831 0.120687
0 0.072645 0.513411 0.043285 0.254775
25 0.796159 0.354699 0.114547 0.160506
0 0.133260 0.510710 0.025537 0.117007
24 0.314773 0.608365 0.071115 0.220864
24 0.355146 0.548715 0.067566 0.162397
0 0.435478 0.615581 0.064047 0.633252
26 0.768447 0.568474 0.036211 0.120225
