0 0.291968 0.640080 0.091910 0.505368
0 0.819265 0.635799 0.202379 0.718621
0 0.570404 0.734465 0.122794 0.520775
26 0.650213 0.644917 0.074799 0.249299
2 0.921548 0.472961 0.155989 0.268191
0 0.162435 0.542912 0.053798 0.280735
0 0.026462 0.592347 0.052925 0.305160
0 0.507622 0.491232 0.089887 0.350296
0 0.634760 0.690897 0.108850 0.599635
0 0.021247 0.690631 0.042494 0.442258
2 0.777158 0.510435 0.053651 0.148212
24 0.894806 0.552866 0.067445 0.265063
0 0.144427 0.545927 0.087992 0.272628
26 0.158806 0.516306 0.043677 0.084241
0 0.562647 0.432842 0.039686 0.135634
26 0.158953 0.497613 0.043453 0.127512
0 0.126168 0.546608 0.045946 0.265668
26 0.127488 0.545659 0.040376 0.090475
26 0.653056 0.695738 0.067713 0.155937
