0 0.464463 0.717184 0.152936 0.555399
0 0.309735 0.551481 0.085598 0.430020
0 0.369158 0.547946 0.059554 0.366072
2 0.890670 0.438413 0.218661 0.233809
0 0.145394 0.599779 0.072395 0.387825
0 0.710835 0.634136 0.143739 0.717357
0 0.012335 0.664815 0.024561 0.393544
0 0.098513 0.525407 0.046652 0.266152
24 0.734212 0.525991 0.087564 0.275052
0 0.068196 0.526261 0.038439 0.243849
0 0.508415 0.684492 0.083345 0.605967
26 0.563924 0.612238 0.056629 0.140714
3 0.968630 0.575140 0.061804 0.211105
0 0.530496 0.685385 0.123861 0.614873
