2 0.909659 0.463527 0.179991 0.266165
0 0.770689 0.635227 0.124719 0.720471
0 0.231201 0.627521 0.096246 0.437227
0 0.434453 0.570625 0.107029 0.476251
0 0.132503 0.538719 0.047890 0.275736
0 0.015790 0.675548 0.031580 0.431213
0 0.304179 0.543445 0.031550 0.135545
0 0.545791 0.726661 0.140745 0.541076
26 0.600706 0.631787 0.081413 0.223806
0 0.102493 0.539198 0.038200 0.263839
24 0.825530 0.526414 0.083971 0.293724
0 0.472312 0.578549 0.048250 0.418592
0 0.574494 0.489934 0.092967 0.214346
0 0.474452 0.524305 0.048010 0.292447
0 0.582836 0.685057 0.110651 0.608840
24 0.299290 0.641766 0.043918 0.056262
26 0.608055 0.654880 0.061937 0.167380
