0 0.200274 0.539742 0.084441 0.359208
0 0.419256 0.709029 0.142961 0.576233
0 0.934166 0.649357 0.129911 0.699094
0 0.054617 0.566413 0.070528 0.324139
0 0.602398 0.641782 0.120160 0.705688
0 0.243913 0.546674 0.057019 0.312416
0 0.970290 0.628470 0.058893 0.706138
24 0.632797 0.528316 0.081033 0.223115
26 0.972075 0.634059 0.039710 0.128488
26 0.477430 0.605244 0.029429 0.129417
0 0.383700 0.558448 0.071658 0.367044
26 0.972366 0.577745 0.050304 0.260571
3 0.834006 0.578342 0.052509 0.159146
62 0.116137 0.532399 0.091748 0.161777
