0 0.775635 0.636034 0.123933 0.721789
2 0.913203 0.465078 0.172802 0.269808
0 0.240296 0.633631 0.101473 0.443673
0 0.442721 0.567874 0.095205 0.481580
0 0.136127 0.539190 0.048041 0.277801
0 0.550647 0.722897 0.135717 0.546623
0 0.015754 0.673449 0.031463 0.439467
26 0.610530 0.627916 0.085049 0.227347
0 0.480921 0.580873 0.048613 0.439022
0 0.585716 0.687157 0.097641 0.614020
0 0.103893 0.541635 0.036949 0.264063
0 0.307668 0.544230 0.031369 0.142692
26 0.108314 0.541011 0.029639 0.095293
10 0.307741 0.545113 0.031834 0.139389
0 0.018541 0.599981 0.036990 0.293697
24 0.838589 0.523501 0.075613 0.295301
