0 0.701197 0.596872 0.101442 0.585530
0 0.621715 0.906718 0.136111 0.183938
0 0.287578 0.704015 0.111407 0.559034
0 0.024561 0.509355 0.049123 0.271797
0 0.433354 0.628316 0.110262 0.597653
26 0.732368 0.523563 0.044844 0.212356
0 0.053344 0.513429 0.048371 0.236315
25 0.743924 0.359390 0.105823 0.158527
24 0.454140 0.512103 0.069215 0.205988
0 0.121947 0.508151 0.025218 0.112285
0 0.319105 0.613564 0.070772 0.467905
26 0.356829 0.570850 0.047684 0.105678
26 0.721084 0.517868 0.069068 0.219136
26 0.736645 0.565853 0.035911 0.108771
0 0.316755 0.488463 0.062751 0.217662
