0 0.714491 0.776135 0.257534 0.435787
0 0.923724 0.667637 0.137696 0.656789
0 0.186008 0.680792 0.121033 0.507992
0 0.561146 0.567192 0.105047 0.491658
0 0.364835 0.864182 0.145278 0.269100
24 0.342072 0.499159 0.067693 0.188970
0 0.326835 0.535536 0.092130 0.443895
0 0.176765 0.418842 0.048305 0.127069
0 0.231695 0.612485 0.074696 0.460758
26 0.578330 0.489749 0.048204 0.184239
26 0.584686 0.495274 0.034326 0.165741
0 0.040736 0.495362 0.023265 0.101972
0 0.310984 0.533905 0.060724 0.431663
26 0.586428 0.516065 0.030948 0.125009
26 0.245111 0.553922 0.036133 0.124938
0 0.334040 0.579603 0.083264 0.350316
26 0.906751 0.658786 0.081964 0.216599
