2 0.897216 0.458078 0.204503 0.264734
0 0.508657 0.725702 0.141318 0.536690
0 0.186710 0.616797 0.087221 0.421077
0 0.758850 0.637027 0.148845 0.715484
0 0.405953 0.568615 0.126238 0.445690
0 0.444686 0.571720 0.082692 0.388195
0 0.022660 0.658657 0.045264 0.422272
0 0.125733 0.532994 0.045788 0.269636
24 0.791462 0.537740 0.088154 0.279622
26 0.605453 0.632704 0.076488 0.186035
0 0.015820 0.662149 0.031519 0.424218
26 0.791398 0.535241 0.089050 0.282032
0 0.091572 0.538418 0.035600 0.253784
0 0.552037 0.686203 0.083299 0.597604
26 0.592742 0.626365 0.077237 0.199790
0 0.580341 0.692811 0.136835 0.600408
26 0.125170 0.492411 0.041513 0.108805
