2 0.894803 0.456161 0.209209 0.257381
0 0.752188 0.640091 0.142605 0.710571
0 0.499038 0.723557 0.145650 0.543140
0 0.183969 0.614480 0.082061 0.417756
0 0.393843 0.566334 0.121887 0.448164
0 0.439331 0.571192 0.088149 0.384050
0 0.021749 0.662969 0.043498 0.427746
0 0.120952 0.532701 0.050270 0.271714
26 0.603614 0.631107 0.074895 0.183269
0 0.089464 0.532100 0.038470 0.252321
0 0.549488 0.687642 0.085504 0.599660
24 0.784079 0.534238 0.086078 0.293138
0 0.569857 0.696785 0.126779 0.589465
0 0.290480 0.538783 0.035226 0.136672
