0 0.766569 0.623939 0.147183 0.611505
0 0.478451 0.636945 0.134193 0.646453
0 0.326740 0.714034 0.109381 0.571932
0 0.564627 0.535435 0.108933 0.410551
24 0.483649 0.529886 0.074542 0.212697
0 0.060076 0.516335 0.064781 0.298586
0 0.670003 0.932960 0.154330 0.134081
26 0.781177 0.566065 0.048364 0.238897
26 0.785931 0.583413 0.038550 0.215889
0 0.096578 0.517531 0.043043 0.259757
0 0.111625 0.514640 0.065284 0.264378
0 0.008117 0.501768 0.016178 0.228430
26 0.370210 0.558121 0.065339 0.153857
26 0.377427 0.576037 0.051313 0.122433
