0 0.303601 0.645448 0.097219 0.517603
0 0.828322 0.636750 0.206610 0.721406
0 0.513499 0.486466 0.102283 0.339480
0 0.573113 0.735842 0.119317 0.520256
0 0.026344 0.592790 0.052689 0.302289
0 0.642965 0.687146 0.106620 0.611092
0 0.164349 0.543598 0.054989 0.282982
2 0.916512 0.464172 0.166082 0.258038
0 0.019830 0.699098 0.039502 0.394746
0 0.152225 0.542426 0.081029 0.286302
24 0.898061 0.557582 0.074295 0.263187
26 0.659415 0.644134 0.071613 0.256420
2 0.779588 0.511021 0.063006 0.154645
0 0.575645 0.442676 0.038470 0.161300
26 0.161595 0.490166 0.046073 0.139243
2 0.882053 0.465265 0.235370 0.266479
26 0.161887 0.509458 0.045952 0.090368
0 0.130501 0.547323 0.051242 0.268873
0 0.024711 0.553427 0.049422 0.223130
26 0.659646 0.688543 0.069901 0.172868
