0 0.225450 0.681751 0.104006 0.512026
0 0.605546 0.571095 0.086558 0.519353
0 0.363567 0.601260 0.104756 0.564174
0 0.412679 0.893109 0.117920 0.213783
24 0.378531 0.511672 0.066623 0.193307
26 0.621098 0.492799 0.067749 0.203140
26 0.630466 0.499424 0.047400 0.195178
0 0.067202 0.498805 0.024491 0.105118
26 0.275064 0.536211 0.051024 0.150842
26 0.277488 0.558164 0.045225 0.105435
0 0.250963 0.440896 0.066113 0.173835
26 0.637668 0.514402 0.032645 0.152656
26 0.637606 0.541923 0.033049 0.122877
