0 0.751034 0.618229 0.150620 0.608329
0 0.468638 0.633567 0.134538 0.643801
0 0.321997 0.712173 0.102921 0.574560
0 0.548275 0.530531 0.113479 0.410525
0 0.054134 0.515104 0.068447 0.290097
24 0.480642 0.524001 0.071903 0.212181
0 0.656126 0.933422 0.154113 0.132729
26 0.777556 0.558703 0.042741 0.200111
0 0.083626 0.510151 0.039004 0.241896
0 0.140492 0.513047 0.024185 0.113431
26 0.364613 0.557071 0.066830 0.154060
25 0.818491 0.354769 0.116559 0.164406
26 0.372824 0.571729 0.049281 0.121344
26 0.780185 0.597645 0.037326 0.143412
