0 0.838591 0.680690 0.202312 0.630684
0 0.311720 0.652748 0.096668 0.529740
0 0.521869 0.485181 0.113848 0.337032
0 0.646032 0.685274 0.106753 0.612100
0 0.026995 0.591457 0.053989 0.304149
0 0.573282 0.735272 0.118751 0.516898
0 0.165818 0.541050 0.054717 0.284951
2 0.879134 0.468260 0.241194 0.269247
0 0.020879 0.688947 0.041757 0.405896
26 0.665245 0.637823 0.075037 0.275811
24 0.900255 0.565240 0.078830 0.268277
2 0.913131 0.465357 0.172768 0.261436
2 0.780369 0.510880 0.070014 0.157592
26 0.162657 0.497967 0.047635 0.108606
0 0.584843 0.446808 0.042341 0.181021
0 0.144221 0.544849 0.077850 0.277391
2 0.853059 0.529157 0.233166 0.198274
26 0.648102 0.646760 0.110491 0.266311
26 0.133260 0.542679 0.044137 0.098186
