0 0.485097 0.636810 0.137772 0.651526
0 0.776510 0.626381 0.150189 0.616536
0 0.577930 0.538717 0.108285 0.415981
24 0.488629 0.529832 0.074211 0.219309
0 0.682387 0.934414 0.156857 0.129951
0 0.066224 0.519877 0.065842 0.300299
0 0.336896 0.715235 0.111977 0.569531
0 0.009567 0.509334 0.018947 0.228566
0 0.107057 0.520445 0.052242 0.266460
26 0.791718 0.579912 0.038694 0.247322
26 0.778325 0.565754 0.068601 0.247010
26 0.373919 0.557909 0.065619 0.174753
2 0.629786 0.535956 0.094505 0.123103
26 0.381653 0.582967 0.049722 0.126486
