0 0.866343 0.634341 0.174981 0.725464
0 0.333382 0.660025 0.098800 0.528717
0 0.661619 0.682995 0.114696 0.611719
0 0.580378 0.732426 0.132415 0.523872
0 0.021145 0.686140 0.042290 0.420092
0 0.027863 0.594788 0.055720 0.304943
2 0.923237 0.467076 0.152674 0.260080
0 0.165924 0.543600 0.061640 0.286098
0 0.560287 0.480342 0.104391 0.327269
26 0.166357 0.507767 0.045606 0.094195
2 0.873825 0.467177 0.251514 0.265727
26 0.683857 0.678280 0.070272 0.185955
0 0.152049 0.548640 0.088711 0.275792
2 0.812912 0.523340 0.148021 0.193010
0 0.566508 0.439933 0.092754 0.246491
26 0.681816 0.644111 0.074061 0.251634
24 0.883665 0.552558 0.122886 0.318464
24 0.902152 0.568733 0.085805 0.279045
26 0.165956 0.484092 0.047174 0.142603
2 0.780001 0.522003 0.082339 0.188064
