0 0.318614 0.735192 0.170950 0.518676
0 0.782829 0.785208 0.135108 0.419986
0 0.536804 0.742109 0.141644 0.502441
0 0.649815 0.799375 0.100904 0.393778
0 0.037832 0.800516 0.075580 0.388619
0 0.695560 0.716731 0.099227 0.537118
0 0.214759 0.748670 0.086055 0.499904
0 0.899594 0.730365 0.102516 0.528110
0 0.119325 0.605624 0.050578 0.238701
0 0.947165 0.725919 0.105407 0.546098
0 0.069364 0.765408 0.079369 0.447688
0 0.844351 0.663461 0.083342 0.508612
0 0.786946 0.532871 0.058149 0.218834
0 0.055382 0.524919 0.047411 0.132124
0 0.968641 0.726067 0.062364 0.536614
0 0.264407 0.543822 0.031604 0.155664
0 0.239838 0.513372 0.039319 0.128761
0 0.263023 0.523985 0.029143 0.110178
