0 0.384863 0.731521 0.175814 0.523011
0 0.755966 0.798334 0.112199 0.394431
0 0.631118 0.747104 0.154864 0.495827
0 0.903433 0.783976 0.148962 0.417413
0 0.050232 0.791013 0.100355 0.411420
0 0.778392 0.702004 0.135596 0.542167
0 0.255514 0.741802 0.106636 0.516397
0 0.129911 0.793471 0.123188 0.405278
0 0.906735 0.561842 0.072544 0.292704
0 0.968831 0.673062 0.061236 0.503250
0 0.062139 0.632792 0.062969 0.252020
0 0.527785 0.929330 0.050489 0.137010
26 0.183446 0.925705 0.086632 0.148499
0 0.182073 0.682084 0.056959 0.385890
0 0.580722 0.892660 0.068076 0.212719
