0 0.489349 0.745273 0.125362 0.498926
0 0.309718 0.744212 0.125461 0.501565
0 0.596342 0.795155 0.105078 0.405346
0 0.752537 0.819143 0.207713 0.354310
0 0.199453 0.741031 0.105966 0.507058
0 0.836282 0.670123 0.098454 0.461266
0 0.926587 0.905317 0.145831 0.188586
0 0.100305 0.604565 0.048963 0.237784
0 0.643359 0.705780 0.090143 0.510290
0 0.919365 0.645628 0.155498 0.380144
0 0.033253 0.765010 0.066507 0.460618
0 0.042793 0.569636 0.051215 0.230893
0 0.728030 0.523628 0.055975 0.187355
0 0.775222 0.543719 0.067554 0.254373
0 0.017870 0.770187 0.035553 0.444772
0 0.696421 0.742254 0.088531 0.323708
26 0.226308 0.695361 0.057233 0.233096
26 0.030930 0.803325 0.052432 0.221556
0 0.072386 0.562023 0.031912 0.192345
