0 0.311609 0.734906 0.143743 0.516427
0 0.521633 0.745850 0.127696 0.497132
0 0.628389 0.799484 0.104035 0.395721
0 0.912164 0.825539 0.174991 0.346198
0 0.757533 0.788921 0.136394 0.409510
0 0.213576 0.744942 0.101121 0.505551
0 0.672362 0.694943 0.093978 0.492976
0 0.110538 0.606383 0.048258 0.238424
0 0.956977 0.689281 0.085869 0.472100
0 0.027104 0.794297 0.053961 0.402722
0 0.762461 0.539592 0.056734 0.223962
0 0.056587 0.766305 0.077156 0.451483
0 0.814111 0.664160 0.080562 0.504400
0 0.867956 0.597469 0.089729 0.276776
0 0.867433 0.681956 0.089333 0.461491
0 0.051619 0.527578 0.042760 0.141699
0 0.251073 0.522729 0.030310 0.113195
0 0.082606 0.561182 0.026772 0.171826
0 0.808547 0.582114 0.072920 0.336310
0 0.251777 0.544629 0.032796 0.157407
