0 0.884825 0.792315 0.165463 0.403693
0 0.120090 0.835012 0.167080 0.321825
0 0.719108 0.736675 0.126275 0.523718
0 0.495751 0.805764 0.139111 0.383473
0 0.649914 0.718937 0.076855 0.520143
0 0.831535 0.810595 0.114465 0.377089
0 0.570127 0.758770 0.104430 0.432393
0 0.507973 0.597324 0.078068 0.260712
0 0.016725 0.580832 0.033451 0.235409
0 0.400549 0.647690 0.112503 0.294047
0 0.592174 0.555986 0.069380 0.235821
0 0.319427 0.868253 0.237543 0.263494
0 0.282760 0.632652 0.091591 0.284014
0 0.363964 0.867982 0.147462 0.264035
0 0.303321 0.796728 0.214584 0.400280
0 0.161273 0.610045 0.056057 0.249852
0 0.353099 0.684935 0.109682 0.161604
0 0.809061 0.610462 0.052429 0.173435
0 0.592346 0.691035 0.067553 0.505756
