0 0.327852 0.734613 0.185155 0.516417
0 0.552481 0.744981 0.138516 0.498982
0 0.797598 0.782787 0.134910 0.423582
0 0.661356 0.804700 0.101807 0.388183
0 0.916382 0.728626 0.105266 0.542748
0 0.693936 0.691503 0.117670 0.485429
0 0.221406 0.750131 0.091785 0.497434
0 0.043095 0.805505 0.085867 0.378609
0 0.956506 0.723716 0.086129 0.538921
0 0.854284 0.668267 0.074656 0.528418
0 0.120777 0.606860 0.049372 0.239826
0 0.797598 0.527705 0.052398 0.210665
0 0.730732 0.958436 0.067095 0.083127
0 0.926591 0.504361 0.075514 0.233356
0 0.060119 0.526117 0.044152 0.133378
0 0.074579 0.768634 0.076537 0.454361
0 0.018391 0.603982 0.036696 0.182161
0 0.246461 0.516382 0.039346 0.131601
