0 0.617886 0.703595 0.161639 0.576442
0 0.301260 0.756374 0.152190 0.480325
0 0.756923 0.782604 0.170856 0.425370
0 0.177438 0.811951 0.132326 0.361661
0 0.728004 0.579201 0.118496 0.417788
0 0.386993 0.724377 0.123885 0.543416
0 0.045597 0.748467 0.091194 0.486732
0 0.888342 0.810671 0.218928 0.366791
0 0.465967 0.720525 0.105221 0.548330
26 0.424840 0.694373 0.070886 0.271780
0 0.976597 0.592237 0.046281 0.254408
0 0.127193 0.619064 0.082563 0.226303
0 0.199948 0.631813 0.073324 0.274523
0 0.938755 0.898304 0.121407 0.198155
0 0.522058 0.549341 0.077094 0.229088
24 0.493596 0.653627 0.059459 0.234899
0 0.229085 0.526544 0.061671 0.202992
0 0.519958 0.715922 0.082141 0.550053
