0 0.921577 0.793045 0.155765 0.405860
0 0.139130 0.834234 0.171408 0.323303
0 0.536784 0.808236 0.133069 0.370978
0 0.718405 0.734253 0.136384 0.526716
0 0.656293 0.721442 0.079100 0.522841
0 0.328070 0.793281 0.205255 0.400948
0 0.017358 0.579464 0.034715 0.236543
0 0.813793 0.748601 0.077509 0.450684
0 0.860349 0.814159 0.141297 0.367242
0 0.507466 0.548920 0.068450 0.165067
0 0.431019 0.606852 0.088430 0.230349
0 0.409505 0.864517 0.158836 0.269639
0 0.578194 0.764023 0.093575 0.443879
0 0.282256 0.690677 0.101952 0.412455
0 0.163374 0.609169 0.059224 0.256936
0 0.601170 0.556939 0.072076 0.236421
0 0.074925 0.627713 0.047078 0.273669
0 0.256938 0.715095 0.148417 0.462295
0 0.107948 0.635985 0.067342 0.278008
0 0.207127 0.623829 0.045768 0.267102
0 0.282967 0.630566 0.097224 0.287468
0 0.601889 0.683879 0.070028 0.492924
