0 0.098265 0.843865 0.195317 0.312269
0 0.604905 0.788461 0.185598 0.419068
0 0.400702 0.795298 0.075595 0.406665
0 0.176369 0.805201 0.135952 0.386764
0 0.278450 0.817059 0.111031 0.355644
0 0.758348 0.742486 0.083745 0.466195
0 0.458153 0.729189 0.084577 0.500803
0 0.665388 0.682009 0.109861 0.386943
0 0.577670 0.555677 0.062347 0.180879
0 0.096711 0.608193 0.068552 0.220404
0 0.313548 0.745684 0.085297 0.495019
0 0.245631 0.656934 0.087611 0.331497
0 0.528906 0.534217 0.062262 0.174558
0 0.529776 0.691944 0.108986 0.302308
0 0.511765 0.694637 0.075805 0.304611
