0 0.622719 0.742533 0.119894 0.503201
0 0.294422 0.743040 0.115671 0.501171
0 0.709611 0.754089 0.079141 0.446416
0 0.403906 0.786396 0.120955 0.416242
0 0.540384 0.701627 0.066117 0.485245
0 0.078670 0.787651 0.157341 0.411236
0 0.968855 0.680879 0.061817 0.613832
0 0.174060 0.805282 0.117816 0.380786
0 0.491311 0.722918 0.090578 0.366019
0 0.970544 0.249194 0.058385 0.290595
0 0.096365 0.630942 0.067071 0.240109
0 0.504091 0.878230 0.099691 0.243540
0 0.177314 0.651637 0.071165 0.264460
0 0.479087 0.524691 0.069466 0.144561
