0 0.618302 0.703233 0.159299 0.579780
0 0.807838 0.780122 0.178929 0.427513
0 0.308753 0.757893 0.151783 0.473759
0 0.743025 0.638525 0.123025 0.545084
0 0.183609 0.819503 0.134007 0.358332
0 0.475291 0.720256 0.117998 0.545768
0 0.934165 0.840345 0.131638 0.312917
0 0.384884 0.726521 0.127340 0.538295
0 0.047686 0.751466 0.095373 0.472275
26 0.424421 0.707208 0.073529 0.263505
24 0.489929 0.658098 0.066046 0.237275
0 0.130242 0.618490 0.086389 0.236945
0 0.950174 0.595667 0.098724 0.259809
0 0.124606 0.808951 0.063001 0.346446
0 0.529282 0.711591 0.082197 0.550810
0 0.232928 0.551861 0.070935 0.249232
0 0.525042 0.561492 0.078256 0.250002
