0 0.872486 0.727564 0.082937 0.429516
0 0.269307 0.841667 0.188844 0.310630
0 0.140734 0.747238 0.111074 0.499328
0 0.786139 0.695378 0.099258 0.457399
0 0.022635 0.582575 0.045271 0.249715
0 0.398278 0.748391 0.112430 0.486330
0 0.729109 0.838187 0.130068 0.316253
0 0.701579 0.632808 0.085043 0.366426
0 0.593405 0.845093 0.165219 0.300653
0 0.084880 0.611305 0.042600 0.233198
0 0.484139 0.792746 0.081652 0.405460
0 0.654861 0.622621 0.066280 0.382039
26 0.153750 0.697219 0.058623 0.222687
0 0.579960 0.629553 0.137329 0.351562
0 0.212585 0.663374 0.052242 0.347742
0 0.283031 0.650100 0.138462 0.327003
0 0.536560 0.566911 0.055377 0.222986
0 0.054912 0.548565 0.033712 0.165260
