0 0.720550 0.794897 0.159060 0.404733
0 0.379118 0.813211 0.116655 0.369321
0 0.062653 0.824966 0.125306 0.343833
0 0.804192 0.750265 0.072367 0.467610
0 0.200580 0.873699 0.160804 0.252602
0 0.613468 0.703376 0.063240 0.485426
0 0.273012 0.810954 0.139165 0.373574
0 0.481022 0.711651 0.082085 0.466023
0 0.548253 0.735677 0.103422 0.376296
0 0.566079 0.549060 0.054284 0.207119
0 0.541524 0.894457 0.093962 0.206352
0 0.116398 0.645908 0.091558 0.286684
0 0.322623 0.675097 0.109207 0.340899
0 0.677543 0.689041 0.095342 0.406660
0 0.012054 0.584756 0.024108 0.230005
0 0.681257 0.589661 0.093442 0.201779
0 0.442251 0.792132 0.080862 0.401527
