0 0.310157 0.755197 0.152888 0.475707
0 0.629364 0.703524 0.157940 0.575097
0 0.728581 0.529072 0.115410 0.287531
0 0.186763 0.813739 0.135732 0.359477
0 0.399024 0.723418 0.118726 0.539937
26 0.440581 0.692347 0.065760 0.258246
0 0.052799 0.741602 0.097339 0.483393
0 0.033005 0.832730 0.065799 0.325555
0 0.815242 0.815416 0.215150 0.353725
0 0.972951 0.594775 0.053594 0.247141
0 0.486876 0.720621 0.107779 0.547728
0 0.727980 0.788078 0.170710 0.413921
24 0.506363 0.654522 0.065679 0.249501
0 0.137067 0.603961 0.085878 0.230333
0 0.243454 0.519921 0.056866 0.190758
0 0.962689 0.777505 0.073658 0.182206
0 0.533241 0.548924 0.076694 0.226905
0 0.217390 0.629786 0.077919 0.275935
