0 0.625697 0.696632 0.212122 0.592198
0 0.843477 0.667921 0.138499 0.652359
0 0.361310 0.766732 0.176142 0.455711
0 0.453108 0.714746 0.119023 0.554769
0 0.221521 0.808076 0.140996 0.374656
0 0.045204 0.854259 0.090408 0.291482
0 0.537464 0.631008 0.077467 0.415736
24 0.467150 0.662957 0.080550 0.247349
0 0.050985 0.740629 0.101970 0.446721
0 0.142021 0.812084 0.085760 0.358788
0 0.138382 0.625411 0.097762 0.260664
0 0.237649 0.560819 0.076316 0.291804
0 0.951209 0.844963 0.097132 0.262468
0 0.076300 0.561272 0.055447 0.179861
