0 0.316210 0.734536 0.151894 0.518127
0 0.532129 0.744458 0.133701 0.501260
0 0.638415 0.798168 0.099132 0.394395
0 0.770710 0.785954 0.135075 0.416326
0 0.684616 0.704566 0.100109 0.519696
0 0.213546 0.746795 0.088888 0.502212
0 0.886191 0.728539 0.097319 0.541936
0 0.033216 0.795468 0.066431 0.401503
0 0.112615 0.605921 0.051495 0.238496
0 0.953100 0.827763 0.093391 0.341475
0 0.064220 0.767067 0.082528 0.453046
0 0.826975 0.664124 0.072443 0.521484
0 0.054801 0.529760 0.046178 0.141148
0 0.773487 0.531513 0.053991 0.208356
0 0.821445 0.567360 0.067804 0.320290
0 0.961006 0.576083 0.077020 0.242441
0 0.083849 0.554879 0.026841 0.176567
0 0.260780 0.545024 0.029987 0.153184
