0 0.300206 0.737000 0.129585 0.512831
0 0.939296 0.717308 0.120877 0.554985
0 0.450187 0.751126 0.121852 0.489780
0 0.178044 0.741445 0.107106 0.510197
0 0.544459 0.798044 0.141987 0.394805
0 0.793906 0.687186 0.103629 0.474872
0 0.095440 0.608116 0.042597 0.242089
0 0.035522 0.583746 0.049895 0.255402
0 0.672283 0.729873 0.120958 0.328507
0 0.870240 0.688800 0.132011 0.453026
0 0.608139 0.610716 0.076054 0.310701
0 0.727035 0.888389 0.305689 0.211863
26 0.197926 0.702521 0.067555 0.236532
0 0.195388 0.531476 0.035102 0.162569
0 0.238052 0.616691 0.056844 0.265620
0 0.646289 0.889347 0.143480 0.219148
0 0.712976 0.613689 0.066438 0.379027
0 0.607387 0.562785 0.076267 0.214456
0 0.069719 0.555719 0.028038 0.175083
