0 0.305927 0.755295 0.156024 0.479530
0 0.619756 0.705249 0.148180 0.573825
0 0.182557 0.809717 0.132463 0.370604
0 0.715183 0.500632 0.113927 0.213798
26 0.442999 0.691714 0.063935 0.257163
0 0.397017 0.724056 0.117823 0.541079
0 0.932137 0.843712 0.135462 0.310164
0 0.050906 0.744046 0.095268 0.480754
0 0.972835 0.645833 0.053894 0.356049
0 0.972200 0.726735 0.055117 0.510469
0 0.828964 0.902928 0.239027 0.192798
0 0.504876 0.717889 0.119248 0.552248
0 0.767431 0.819060 0.205486 0.341711
0 0.476889 0.723795 0.084249 0.542487
0 0.683592 0.773268 0.180662 0.433068
24 0.509205 0.658489 0.067804 0.249215
0 0.138353 0.600724 0.081743 0.221997
