0 0.662493 0.790639 0.180095 0.410470
0 0.130977 0.863041 0.191208 0.273918
0 0.777672 0.746733 0.087026 0.477920
0 0.326254 0.814199 0.116954 0.361679
0 0.220674 0.810136 0.124640 0.376074
0 0.468954 0.728811 0.082224 0.495799
0 0.414905 0.795448 0.079578 0.402840
0 0.046095 0.806074 0.092049 0.370265
0 0.114379 0.632624 0.098729 0.249225
0 0.597839 0.568469 0.062528 0.210756
0 0.533218 0.706872 0.094222 0.313136
0 0.531809 0.893865 0.083218 0.208865
0 0.541985 0.546271 0.069108 0.200700
0 0.276672 0.665457 0.083626 0.343046
0 0.346479 0.662009 0.070688 0.308066
