0 0.803648 0.667012 0.129349 0.638717
0 0.625192 0.698128 0.198042 0.589036
0 0.342453 0.763397 0.166467 0.461092
0 0.208476 0.804825 0.141629 0.379298
0 0.458226 0.715505 0.118165 0.555345
0 0.050370 0.743651 0.100637 0.448795
0 0.135462 0.614434 0.089506 0.232294
0 0.235724 0.599619 0.065724 0.360942
0 0.534687 0.644177 0.079572 0.434673
24 0.480958 0.652370 0.064536 0.232289
0 0.040392 0.846400 0.080785 0.299139
0 0.136802 0.809445 0.071279 0.355295
0 0.934074 0.709799 0.130540 0.574414
0 0.091087 0.566770 0.055239 0.192592
26 0.414595 0.720064 0.077987 0.295343
