0 0.799726 0.804223 0.123900 0.384544
0 0.415157 0.732007 0.156033 0.520736
0 0.938825 0.783481 0.121772 0.423579
0 0.665864 0.746650 0.167686 0.493306
0 0.073346 0.791874 0.146692 0.407900
0 0.282522 0.737578 0.124155 0.511564
0 0.817848 0.709698 0.161789 0.551598
0 0.180958 0.802675 0.127751 0.384905
0 0.958722 0.566067 0.075254 0.306144
0 0.844412 0.715311 0.109694 0.564645
0 0.101736 0.651480 0.065808 0.258680
0 0.561394 0.933559 0.050949 0.124939
0 0.035240 0.550921 0.026818 0.124621
0 0.357854 0.581326 0.052022 0.222145
0 0.062020 0.546714 0.030171 0.104626
