0 0.453673 0.733485 0.167477 0.519748
0 0.862988 0.804877 0.120226 0.380117
0 0.726376 0.745854 0.175217 0.496689
0 0.158675 0.803866 0.135390 0.389920
0 0.084917 0.830018 0.169834 0.339324
0 0.910930 0.713964 0.117291 0.564443
0 0.284886 0.807338 0.173348 0.380342
0 0.323326 0.726528 0.106686 0.478282
0 0.387669 0.577731 0.055991 0.213457
0 0.129603 0.535815 0.060356 0.157187
0 0.012922 0.606901 0.025843 0.180109
28 0.671313 0.911821 0.085818 0.173949
0 0.609795 0.955130 0.052763 0.089143
0 0.205795 0.593850 0.071580 0.191138
