0 0.275649 0.740195 0.166699 0.505664
0 0.152075 0.741848 0.101151 0.506724
0 0.410754 0.875961 0.149139 0.248077
0 0.721701 0.725790 0.147259 0.532121
0 0.866536 0.850128 0.216169 0.295894
0 0.573325 0.608276 0.079561 0.298010
0 0.829059 0.596861 0.103888 0.267481
0 0.911116 0.607296 0.064656 0.183022
0 0.422411 0.661216 0.094851 0.302682
0 0.027111 0.589210 0.050883 0.260165
0 0.620370 0.722326 0.109096 0.322569
26 0.167730 0.700433 0.068921 0.233692
0 0.094540 0.605168 0.045130 0.236543
0 0.520820 0.736584 0.103673 0.286831
0 0.644491 0.560358 0.066353 0.250176
0 0.522033 0.796501 0.106784 0.401339
0 0.222482 0.651592 0.051912 0.323950
0 0.062531 0.548150 0.027472 0.165802
0 0.481898 0.803062 0.338907 0.385579
0 0.970139 0.663433 0.058878 0.220165
0 0.372218 0.805474 0.125026 0.374108
0 0.226168 0.687811 0.060456 0.409848
0 0.407686 0.797253 0.162211 0.352586
0 0.483600 0.862346 0.340736 0.267791
