0 0.859097 0.742459 0.202134 0.504172
0 0.570123 0.825521 0.171529 0.340932
0 0.209898 0.762466 0.128510 0.464394
0 0.974879 0.814659 0.049748 0.368017
0 0.564140 0.603392 0.149937 0.309691
0 0.114843 0.800240 0.113352 0.391083
0 0.710575 0.959872 0.051290 0.079899
0 0.354692 0.612145 0.081428 0.231597
0 0.357688 0.852695 0.144766 0.289769
0 0.036686 0.774731 0.073371 0.448073
0 0.435664 0.804886 0.153135 0.384763
0 0.142190 0.573449 0.062387 0.188661
0 0.590479 0.500971 0.071999 0.144566
0 0.460881 0.544410 0.087246 0.169248
0 0.981904 0.532711 0.035656 0.231001
0 0.071715 0.704232 0.064148 0.365363
0 0.074753 0.642474 0.065604 0.247191
