0 0.357109 0.804121 0.205950 0.379088
0 0.159629 0.834440 0.180282 0.326577
0 0.825964 0.754233 0.083203 0.475626
0 0.572016 0.813096 0.122128 0.369473
0 0.946585 0.791404 0.106391 0.407715
0 0.663608 0.722525 0.076853 0.532849
0 0.736674 0.733857 0.125153 0.525606
0 0.288633 0.725127 0.130529 0.491570
0 0.913833 0.812049 0.122593 0.368242
0 0.462444 0.868264 0.163463 0.263472
0 0.017170 0.579031 0.034341 0.238324
0 0.513749 0.601661 0.067193 0.281299
0 0.456187 0.618323 0.098422 0.253316
0 0.608655 0.655001 0.068219 0.439642
0 0.372277 0.598104 0.082883 0.176026
0 0.078747 0.630571 0.040765 0.284473
0 0.111652 0.653318 0.063639 0.291639
0 0.208033 0.619425 0.051399 0.255762
0 0.164019 0.576747 0.054602 0.182237
0 0.577139 0.704950 0.075006 0.327903
0 0.608786 0.558220 0.068210 0.244598
