0 0.284775 0.736019 0.162307 0.510899
0 0.760286 0.734496 0.138227 0.522588
0 0.925031 0.847347 0.149023 0.301953
0 0.155526 0.741991 0.102945 0.508633
0 0.850747 0.725515 0.083641 0.520693
0 0.578546 0.609448 0.081387 0.296320
0 0.095248 0.604773 0.044377 0.238198
0 0.028696 0.589698 0.052393 0.253835
0 0.922717 0.613165 0.063620 0.187984
0 0.634246 0.725148 0.114982 0.333717
0 0.450848 0.882363 0.139725 0.234433
0 0.529264 0.733119 0.103373 0.276596
26 0.172557 0.695650 0.063256 0.229724
0 0.230667 0.687301 0.062127 0.414306
0 0.012645 0.779882 0.025144 0.405045
0 0.516485 0.789959 0.370718 0.405124
0 0.703487 0.617625 0.072930 0.391188
0 0.395882 0.663023 0.074661 0.300863
0 0.634541 0.777305 0.126325 0.437516
0 0.063063 0.548077 0.028088 0.165141
0 0.401519 0.788972 0.153729 0.406210
0 0.967940 0.652177 0.063664 0.154537
0 0.184606 0.543248 0.038224 0.177097
