0 0.177162 0.834478 0.178504 0.326161
0 0.849277 0.758699 0.107790 0.482281
0 0.389044 0.807826 0.207802 0.371856
0 0.521039 0.874341 0.173911 0.251319
0 0.671766 0.716646 0.083575 0.523867
0 0.288987 0.735413 0.130454 0.510610
0 0.743978 0.734458 0.117140 0.527866
0 0.606381 0.819079 0.133979 0.358428
0 0.017483 0.578360 0.034966 0.237443
0 0.523580 0.606085 0.063103 0.284979
0 0.373880 0.689076 0.086775 0.362153
0 0.617570 0.634928 0.070101 0.388527
0 0.477140 0.616718 0.094321 0.274539
0 0.947773 0.811937 0.103613 0.362427
0 0.112343 0.668795 0.069158 0.333022
0 0.079951 0.634755 0.041154 0.295908
0 0.163749 0.556111 0.051433 0.130711
0 0.208833 0.610488 0.048480 0.244802
0 0.617193 0.570083 0.068962 0.257596
