0 0.925543 0.661060 0.147867 0.672170
0 0.643972 0.695376 0.214313 0.593513
0 0.451667 0.757707 0.204662 0.474041
0 0.060061 0.858137 0.119761 0.283725
0 0.307399 0.828412 0.161410 0.333090
0 0.188960 0.818576 0.102518 0.358592
0 0.256395 0.589826 0.067014 0.393495
0 0.072122 0.705230 0.123315 0.420469
0 0.459358 0.555264 0.118791 0.269274
0 0.353571 0.597822 0.114332 0.317029
0 0.161623 0.628474 0.108989 0.302043
0 0.558479 0.602076 0.068095 0.370260
0 0.560504 0.530742 0.064270 0.222075
0 0.196222 0.542560 0.055329 0.186369
