0 0.089643 0.750973 0.137588 0.484592
0 0.263875 0.715932 0.113519 0.561765
0 0.771931 0.685860 0.109359 0.446517
0 0.909880 0.741077 0.164016 0.510706
0 0.465670 0.684612 0.070781 0.274878
0 0.559375 0.698984 0.130865 0.589177
0 0.961166 0.726178 0.077329 0.543216
0 0.626049 0.686363 0.116051 0.587256
26 0.723218 0.803520 0.080844 0.197594
26 0.229750 0.818301 0.080263 0.258526
0 0.023963 0.567890 0.047927 0.206539
0 0.013917 0.755810 0.027646 0.475430
26 0.241776 0.852563 0.057914 0.128723
0 0.564932 0.777874 0.128791 0.434802
24 0.723854 0.806123 0.079638 0.189717
26 0.210899 0.827185 0.043290 0.234315
