0 0.061567 0.717917 0.115954 0.561549
0 0.650537 0.605555 0.100157 0.369259
0 0.212676 0.695030 0.124579 0.545376
0 0.572633 0.652416 0.077669 0.543687
0 0.763816 0.547163 0.060573 0.337775
0 0.513766 0.721910 0.094687 0.489556
0 0.150270 0.737380 0.109992 0.478590
26 0.031907 0.678463 0.058737 0.324763
26 0.028849 0.748602 0.057697 0.185708
0 0.257441 0.638917 0.031961 0.160502
26 0.031699 0.769488 0.050377 0.138360
0 0.016228 0.656241 0.032456 0.435496
3 0.982605 0.536450 0.034273 0.218126
0 0.240170 0.630014 0.025484 0.174730
