0 0.240551 0.707685 0.107544 0.576973
0 0.617154 0.743908 0.151937 0.505553
0 0.084801 0.749276 0.127638 0.499839
0 0.421570 0.670008 0.070072 0.268355
0 0.697876 0.724469 0.119257 0.544190
0 0.462747 0.694398 0.050827 0.205171
0 0.819294 0.700045 0.115088 0.273415
0 0.016655 0.595928 0.033278 0.283277
0 0.633874 0.543407 0.056312 0.299986
4 0.586450 0.289161 0.374248 0.472478
0 0.540559 0.626827 0.063266 0.275086
26 0.189354 0.794272 0.063414 0.212935
0 0.861892 0.684718 0.089818 0.249941
26 0.204930 0.789590 0.092201 0.226370
4 0.586072 0.376792 0.374291 0.510246
0 0.841937 0.689938 0.130118 0.263930
