0 0.655978 0.606596 0.111693 0.362394
0 0.755289 0.546629 0.058510 0.327576
0 0.069475 0.719612 0.116225 0.559003
0 0.197531 0.684885 0.123473 0.534556
0 0.572358 0.652549 0.076683 0.530823
0 0.516880 0.711474 0.099469 0.465938
0 0.138863 0.731589 0.084344 0.464780
0 0.258133 0.633977 0.032922 0.161110
0 0.015998 0.648583 0.031996 0.421213
0 0.231391 0.619923 0.036208 0.188669
26 0.032750 0.769085 0.057156 0.153220
3 0.982507 0.535612 0.034498 0.220444
26 0.034520 0.676104 0.060887 0.342223
26 0.032482 0.735199 0.060312 0.228778
0 0.016105 0.560886 0.032142 0.251936
