0 0.214433 0.712029 0.102027 0.571554
0 0.954737 0.787838 0.089708 0.411591
0 0.511972 0.731225 0.151433 0.530227
0 0.084113 0.751905 0.117744 0.487633
0 0.594869 0.722159 0.118716 0.541282
0 0.704205 0.648848 0.079498 0.464997
0 0.401147 0.667733 0.068715 0.260132
0 0.659310 0.674017 0.106567 0.563695
0 0.786520 0.694061 0.107616 0.271168
0 0.029168 0.748842 0.057987 0.489577
26 0.186050 0.821265 0.077776 0.147459
26 0.196798 0.819217 0.056151 0.142003
0 0.835581 0.676682 0.072241 0.245101
0 0.644612 0.637014 0.076370 0.480463
0 0.010065 0.527107 0.019896 0.142204
