0 0.087734 0.744953 0.136647 0.498709
0 0.266649 0.718018 0.112396 0.555475
0 0.805037 0.733669 0.161070 0.527592
0 0.871973 0.721094 0.116931 0.548066
0 0.550683 0.729926 0.150456 0.540148
0 0.633608 0.680186 0.105379 0.578741
0 0.451159 0.684291 0.068036 0.272767
0 0.494111 0.709246 0.048286 0.209526
26 0.702268 0.787306 0.074001 0.212693
26 0.228848 0.813415 0.072581 0.215099
4 0.609102 0.340440 0.403438 0.646123
0 0.021023 0.602977 0.041985 0.272512
0 0.014240 0.812759 0.028432 0.372939
26 0.237942 0.831077 0.056636 0.154177
0 0.020664 0.556315 0.041327 0.179316
