0 0.972065 0.559635 0.055394 0.375699
0 0.042892 0.738433 0.085784 0.513783
0 0.207882 0.722679 0.086125 0.545855
0 0.134443 0.721503 0.099966 0.549111
0 0.288892 0.721527 0.121436 0.549806
0 0.502689 0.768165 0.130659 0.454071
0 0.595225 0.722833 0.124965 0.544124
0 0.691624 0.634995 0.101336 0.425700
26 0.099055 0.798587 0.064820 0.210396
0 0.360204 0.667367 0.040907 0.188535
0 0.629178 0.655121 0.069880 0.520106
0 0.726567 0.646260 0.055548 0.234980
0 0.332971 0.642922 0.050711 0.231757
26 0.088667 0.804093 0.045118 0.210206
26 0.108852 0.854075 0.069732 0.216208
