0 0.082710 0.743815 0.135847 0.501070
0 0.775827 0.734715 0.153217 0.525133
0 0.261721 0.716176 0.110866 0.560966
0 0.852140 0.720592 0.118448 0.543505
0 0.551300 0.712645 0.133902 0.574710
0 0.444428 0.680009 0.068554 0.271217
0 0.629674 0.684302 0.095966 0.584685
0 0.484715 0.703943 0.054319 0.218875
0 0.904152 0.692621 0.057394 0.254096
26 0.232165 0.832991 0.055874 0.154172
26 0.224962 0.823390 0.070722 0.253388
24 0.685226 0.795358 0.053280 0.187685
0 0.019058 0.547609 0.037991 0.162599
26 0.685573 0.795334 0.051954 0.184848
4 0.595859 0.344949 0.417667 0.669936
