0 0.151101 0.720781 0.101329 0.546691
0 0.019993 0.795233 0.039986 0.403219
0 0.812345 0.703316 0.161215 0.452570
0 0.402035 0.752593 0.104586 0.494814
0 0.461243 0.684515 0.074318 0.569287
0 0.481788 0.686896 0.121057 0.577892
26 0.133167 0.825021 0.074153 0.197868
0 0.495940 0.733855 0.041474 0.227903
26 0.139955 0.855733 0.060733 0.134998
0 0.883714 0.732791 0.110476 0.276063
26 0.112523 0.837944 0.073272 0.225995
26 0.099957 0.835310 0.046681 0.215871
0 0.925079 0.708949 0.066443 0.259042
0 0.787456 0.701877 0.115509 0.453767
