0 0.251557 0.713038 0.117715 0.568244
0 0.089980 0.751361 0.135632 0.483016
0 0.947543 0.747249 0.104356 0.499896
0 0.781582 0.681648 0.102813 0.440706
0 0.547836 0.694769 0.122035 0.607968
0 0.466037 0.686787 0.064038 0.274048
0 0.550203 0.781992 0.115421 0.436016
0 0.610555 0.675671 0.100838 0.576644
0 0.869426 0.715346 0.090636 0.279817
0 0.023389 0.564087 0.045323 0.198201
26 0.729432 0.799895 0.081812 0.212746
26 0.226021 0.815144 0.087079 0.236654
0 0.598822 0.617687 0.063762 0.443588
0 0.011751 0.802467 0.023353 0.393670
26 0.226432 0.857851 0.086510 0.144600
0 0.014615 0.767111 0.029035 0.452296
24 0.730041 0.796713 0.080910 0.216757
