0 0.080744 0.750236 0.130005 0.488567
0 0.243399 0.711948 0.104600 0.566759
0 0.784158 0.682232 0.105680 0.442369
0 0.522011 0.709086 0.115187 0.581294
0 0.977415 0.746876 0.044692 0.494994
0 0.463161 0.691321 0.057319 0.269371
0 0.587880 0.675724 0.072025 0.580697
0 0.886909 0.715047 0.123882 0.290255
0 0.575355 0.680946 0.100299 0.597662
0 0.021444 0.576074 0.042888 0.224654
26 0.733124 0.804323 0.082245 0.210462
0 0.920493 0.709218 0.087065 0.277423
26 0.227636 0.815247 0.063138 0.211670
26 0.230670 0.849748 0.058687 0.128074
26 0.215998 0.827780 0.084617 0.253054
0 0.020637 0.543438 0.041274 0.155372
