0 0.086589 0.750148 0.133977 0.484669
0 0.249877 0.712320 0.107778 0.568854
0 0.783474 0.682278 0.107032 0.440215
0 0.962824 0.746821 0.073740 0.499809
0 0.465849 0.690728 0.061957 0.270193
0 0.881488 0.712160 0.112292 0.291277
0 0.534478 0.699857 0.111468 0.599162
0 0.022545 0.560728 0.045091 0.193885
26 0.221599 0.815170 0.084162 0.241774
0 0.597139 0.618405 0.061342 0.450854
0 0.536224 0.778825 0.104884 0.442350
0 0.595285 0.679770 0.072425 0.580141
26 0.732040 0.807985 0.084227 0.202548
24 0.731815 0.803696 0.082688 0.210313
26 0.221488 0.856860 0.082968 0.154826
