0 0.377975 0.713988 0.097824 0.564286
0 0.673786 0.619161 0.085369 0.396700
0 0.876935 0.554638 0.050428 0.361658
0 0.288587 0.757327 0.099920 0.469039
0 0.607200 0.659212 0.083056 0.555121
0 0.537235 0.724303 0.093801 0.498930
0 0.029622 0.734708 0.059244 0.518617
0 0.103144 0.718617 0.124804 0.548518
26 0.067955 0.742311 0.049754 0.236890
0 0.150515 0.699437 0.089277 0.516484
26 0.066379 0.784261 0.051867 0.187011
0 0.150208 0.575638 0.090022 0.267555
26 0.069573 0.690750 0.056899 0.365057
0 0.153867 0.711580 0.051288 0.470701
