0 0.304542 0.734693 0.109667 0.527572
0 0.402825 0.718087 0.120154 0.556193
0 0.147047 0.712444 0.097637 0.566556
0 0.663728 0.773391 0.117685 0.445746
0 0.763299 0.708963 0.110126 0.567852
0 0.055500 0.746121 0.108492 0.501450
0 0.557793 0.730916 0.118890 0.515337
0 0.674056 0.495909 0.058898 0.165491
26 0.124687 0.802720 0.074842 0.220990
0 0.624767 0.671210 0.079833 0.574738
0 0.627921 0.555287 0.072773 0.339151
26 0.134702 0.825050 0.054019 0.131715
0 0.016773 0.751637 0.033481 0.483381
4 0.524197 0.397368 0.321544 0.546522
