0 0.966884 0.561504 0.065392 0.370279
0 0.568838 0.718636 0.119114 0.552899
0 0.039390 0.740613 0.078780 0.513199
0 0.277089 0.719877 0.132305 0.552124
0 0.688658 0.634605 0.095088 0.424251
0 0.472469 0.765629 0.128448 0.457106
0 0.130627 0.719808 0.100748 0.551981
0 0.622845 0.660851 0.077639 0.544034
0 0.192126 0.723634 0.081180 0.542517
0 0.353728 0.664005 0.040333 0.188890
26 0.093294 0.784965 0.068611 0.219485
0 0.319609 0.639920 0.051009 0.227097
26 0.097472 0.737754 0.071628 0.304250
0 0.721239 0.646312 0.050768 0.229376
26 0.102213 0.848968 0.072692 0.209964
26 0.107471 0.897618 0.062133 0.108884
