0 0.087630 0.749206 0.136583 0.489833
0 0.261896 0.716983 0.107193 0.557780
0 0.893284 0.738100 0.181177 0.514785
0 0.766671 0.683824 0.102452 0.446995
0 0.459743 0.683867 0.071370 0.278359
0 0.944597 0.721194 0.106965 0.545872
0 0.628922 0.690668 0.121436 0.586811
0 0.560162 0.704467 0.148474 0.587785
26 0.230019 0.840151 0.077131 0.255558
26 0.718087 0.800080 0.078641 0.201755
0 0.021363 0.598453 0.042726 0.271056
0 0.867004 0.745134 0.130237 0.501783
26 0.209901 0.837159 0.037223 0.233599
26 0.240644 0.857691 0.056229 0.142688
0 0.014757 0.784877 0.029410 0.417456
