0 0.658962 0.606366 0.104903 0.361390
0 0.072132 0.722952 0.110756 0.550405
0 0.581937 0.655079 0.079969 0.522341
0 0.518157 0.720381 0.099636 0.475481
0 0.182861 0.686632 0.103043 0.520808
0 0.751088 0.550141 0.055352 0.327972
0 0.124354 0.730826 0.060458 0.461999
0 0.261106 0.639052 0.035035 0.159668
26 0.039303 0.685634 0.056661 0.315883
0 0.017473 0.647278 0.034946 0.417654
26 0.036685 0.754942 0.052497 0.183225
0 0.233147 0.624806 0.048324 0.187545
3 0.982389 0.543153 0.034719 0.214658
26 0.057373 0.678965 0.087139 0.341385
26 0.040317 0.771496 0.046322 0.146341
2 0.963034 0.418872 0.073507 0.165813
0 0.017173 0.566369 0.034078 0.260987
