0 0.082973 0.744888 0.137454 0.502335
0 0.725175 0.738332 0.143025 0.515114
0 0.258339 0.712444 0.104037 0.566541
0 0.795395 0.723619 0.110415 0.538451
0 0.440946 0.677683 0.068649 0.271134
0 0.623705 0.670288 0.080350 0.575779
0 0.484166 0.701557 0.045031 0.214540
0 0.567603 0.742003 0.090819 0.511161
26 0.220723 0.813879 0.080272 0.247233
0 0.744359 0.556010 0.066587 0.257371
26 0.231985 0.801316 0.058044 0.217471
0 0.883882 0.688314 0.092971 0.287224
0 0.870575 0.694672 0.070332 0.286891
26 0.232856 0.824795 0.056649 0.145459
0 0.020460 0.707055 0.040920 0.492206
