0 0.226135 0.709522 0.107559 0.573822
0 0.572378 0.738068 0.151993 0.518234
0 0.646658 0.722072 0.115826 0.552307
0 0.085690 0.750109 0.118461 0.490323
0 0.410054 0.665806 0.069142 0.261971
0 0.714887 0.648862 0.078801 0.462729
0 0.451839 0.689507 0.041430 0.208900
0 0.799491 0.695940 0.111187 0.267798
0 0.012026 0.543925 0.023872 0.169921
26 0.195158 0.792013 0.089357 0.210638
0 0.841728 0.682165 0.084972 0.249073
26 0.176877 0.800717 0.054656 0.219057
26 0.208481 0.817853 0.061373 0.136865
0 0.978549 0.877846 0.042393 0.241068
