0 0.549825 0.731384 0.155934 0.527235
0 0.221432 0.710700 0.101907 0.573932
0 0.080250 0.750850 0.129960 0.488827
0 0.405889 0.666501 0.069179 0.264482
26 0.191262 0.794299 0.080215 0.205916
0 0.711997 0.641806 0.087500 0.451283
0 0.625526 0.706344 0.118660 0.581430
0 0.796476 0.689212 0.110683 0.274528
0 0.961629 0.802617 0.076332 0.389995
26 0.201662 0.817417 0.059733 0.134489
0 0.843377 0.683515 0.076981 0.232800
0 0.448949 0.687849 0.039526 0.202533
0 0.011538 0.544676 0.022912 0.176462
26 0.170657 0.800491 0.042729 0.210636
