0 0.166758 0.724481 0.110471 0.544073
0 0.027948 0.775735 0.055896 0.440760
0 0.422996 0.744011 0.100486 0.488187
0 0.502236 0.684933 0.122985 0.568970
0 0.779261 0.691735 0.102977 0.436701
26 0.155678 0.830669 0.056928 0.213699
26 0.156289 0.866587 0.055141 0.137678
0 0.869618 0.733825 0.125092 0.306344
0 0.850397 0.735761 0.093050 0.303789
0 0.913082 0.702217 0.074963 0.281406
26 0.142561 0.841536 0.079157 0.233231
26 0.119211 0.847463 0.032545 0.230644
0 0.899570 0.713344 0.090622 0.289609
26 0.047049 0.786032 0.027355 0.113651
