0 0.663366 0.610456 0.093364 0.357135
0 0.171931 0.679333 0.090671 0.518486
0 0.075413 0.721764 0.112006 0.552632
0 0.521042 0.724786 0.103264 0.481056
0 0.746340 0.553128 0.057779 0.328752
0 0.591928 0.658786 0.095478 0.527655
0 0.264053 0.640279 0.035038 0.157728
0 0.016903 0.636728 0.033807 0.402735
0 0.236406 0.624117 0.046058 0.183580
26 0.042551 0.764235 0.058260 0.176622
3 0.983667 0.550868 0.032150 0.206412
0 0.244638 0.627846 0.030345 0.176765
2 0.965649 0.421133 0.067644 0.164418
26 0.041637 0.786028 0.055084 0.126193
26 0.051538 0.686152 0.071245 0.347709
0 0.579562 0.610920 0.064643 0.435664
26 0.043684 0.709150 0.063063 0.295120
