0 0.201416 0.713234 0.114141 0.565551
0 0.563871 0.723950 0.125952 0.545067
0 0.072280 0.746053 0.125638 0.501747
0 0.900346 0.793325 0.128485 0.406650
0 0.466522 0.726430 0.127687 0.533105
0 0.969257 0.718454 0.060967 0.552718
0 0.712858 0.646615 0.101171 0.470131
0 0.646404 0.679364 0.090257 0.577032
0 0.384470 0.663065 0.053582 0.250581
26 0.170778 0.803046 0.073415 0.210654
26 0.179503 0.824806 0.060026 0.146438
0 0.781435 0.686523 0.100943 0.264225
0 0.813121 0.671279 0.072397 0.269009
26 0.196718 0.823185 0.089698 0.147932
0 0.022864 0.744444 0.045689 0.497203
