0 0.158011 0.675780 0.088962 0.502770
0 0.666109 0.607396 0.072784 0.356257
0 0.599277 0.673368 0.110338 0.528785
0 0.522040 0.737524 0.115707 0.481894
0 0.081286 0.718856 0.099154 0.558816
0 0.733396 0.551470 0.056002 0.325587
0 0.263690 0.639583 0.033650 0.154001
26 0.039691 0.751115 0.062805 0.218642
26 0.038745 0.692300 0.068082 0.317123
3 0.980380 0.538185 0.038796 0.226811
0 0.234486 0.625398 0.046538 0.182243
0 0.245108 0.632511 0.027653 0.162015
2 0.965198 0.421837 0.068598 0.157316
26 0.043148 0.798244 0.068357 0.176700
0 0.015276 0.636466 0.030551 0.403714
3 0.981526 0.571926 0.036342 0.162251
