0 0.672343 0.738589 0.138048 0.511686
0 0.082697 0.746233 0.123084 0.500800
0 0.247455 0.709243 0.103444 0.572436
0 0.744618 0.725532 0.114118 0.541084
0 0.430191 0.673487 0.071143 0.270358
26 0.212033 0.795975 0.086417 0.199443
26 0.223351 0.794443 0.063499 0.189285
0 0.566473 0.728154 0.104768 0.530320
0 0.473744 0.694858 0.042760 0.207440
26 0.223986 0.820901 0.060309 0.132277
0 0.841274 0.700834 0.132879 0.274396
26 0.197287 0.801044 0.056053 0.206776
0 0.017251 0.598204 0.034393 0.279679
0 0.863564 0.694414 0.098783 0.258067
26 0.209473 0.835991 0.085356 0.286817
0 0.018011 0.685602 0.036023 0.456215
