0 0.203854 0.835365 0.090826 0.329270
0 0.709637 0.809559 0.115757 0.359200
0 0.824911 0.810586 0.090216 0.374425
0 0.432981 0.833231 0.077046 0.166079
0 0.635505 0.856665 0.169264 0.286670
0 0.767992 0.799522 0.072309 0.384574
0 0.287454 0.829208 0.071692 0.332511
0 0.041591 0.822399 0.043584 0.254153
0 0.979154 0.762246 0.041238 0.390020
24 0.331741 0.811771 0.054177 0.182111
0 0.251698 0.724280 0.041460 0.143762
0 0.015850 0.778280 0.025850 0.182449
24 0.332926 0.832795 0.050023 0.136217
0 0.007165 0.777495 0.014331 0.187952
0 0.326312 0.827488 0.062033 0.340354
0 0.251987 0.763988 0.042038 0.231024
0 0.038716 0.794110 0.035126 0.202949
