0 0.703310 0.814868 0.116842 0.362635
0 0.602851 0.855519 0.163009 0.288963
0 0.208611 0.839535 0.090648 0.318508
0 0.868474 0.813144 0.097808 0.367120
0 0.767138 0.803917 0.072805 0.376994
0 0.302035 0.834756 0.092556 0.321254
0 0.434808 0.839804 0.076739 0.164663
0 0.960944 0.776888 0.077584 0.427705
24 0.339624 0.841669 0.048830 0.136103
0 0.019958 0.788515 0.024545 0.183342
0 0.042360 0.804784 0.041367 0.217501
24 0.338309 0.819694 0.052761 0.179989
0 0.256455 0.723005 0.037891 0.125712
0 0.015377 0.786911 0.024731 0.194699
26 0.905282 0.823741 0.026414 0.132234
0 0.007549 0.781517 0.015098 0.189951
0 0.257317 0.755025 0.040440 0.189840
