0 0.190640 0.820640 0.091369 0.358721
0 0.422408 0.815662 0.077879 0.174807
0 0.828991 0.809015 0.085769 0.366851
0 0.279200 0.820650 0.088536 0.358700
0 0.767897 0.686549 0.071592 0.174790
0 0.232910 0.699768 0.043115 0.151636
0 0.702895 0.760200 0.078952 0.283325
0 0.735807 0.856393 0.163312 0.277648
0 0.316979 0.809579 0.061067 0.357328
5 0.096540 0.791221 0.157352 0.377066
0 0.010447 0.744374 0.020805 0.184378
24 0.324173 0.799032 0.051124 0.183562
9 0.886034 0.289183 0.125897 0.421845
24 0.871856 0.830572 0.028577 0.127274
