0 0.194371 0.808166 0.089839 0.380130
0 0.732200 0.796767 0.105576 0.390683
0 0.837462 0.848624 0.191951 0.300482
0 0.425828 0.804856 0.077709 0.174857
0 0.279240 0.814971 0.080274 0.368136
5 0.097897 0.771325 0.157149 0.369354
0 0.009674 0.725191 0.019348 0.199543
0 0.231855 0.686327 0.042443 0.151305
0 0.327436 0.818697 0.050548 0.283142
0 0.315818 0.680002 0.041535 0.146235
0 0.811946 0.746134 0.065696 0.270538
24 0.328193 0.800978 0.049076 0.158395
0 0.773269 0.677429 0.059345 0.166428
0 0.322363 0.789235 0.051067 0.360233
