0 0.624136 0.855658 0.165801 0.288684
0 0.212467 0.836655 0.087340 0.323716
0 0.710534 0.812430 0.107734 0.366259
0 0.439846 0.838246 0.075258 0.164038
0 0.773728 0.803486 0.075470 0.385763
0 0.302033 0.832217 0.082892 0.326726
0 0.869026 0.811267 0.102760 0.370678
0 0.048190 0.825400 0.043673 0.244998
24 0.342199 0.817315 0.052001 0.180912
0 0.260541 0.728473 0.038295 0.144699
0 0.972725 0.765047 0.054156 0.401928
0 0.021766 0.780139 0.028641 0.186867
0 0.026100 0.783080 0.023337 0.178809
0 0.016626 0.782412 0.023916 0.198826
