0 0.218980 0.799506 0.095983 0.395517
0 0.803957 0.799466 0.119888 0.387182
0 0.385592 0.788615 0.080297 0.408116
0 0.321781 0.803819 0.087731 0.385156
0 0.467734 0.797478 0.085418 0.192603
0 0.763288 0.791659 0.076637 0.405106
0 0.016529 0.713938 0.033058 0.209892
0 0.246860 0.660738 0.040916 0.148316
24 0.372867 0.767022 0.051722 0.189800
0 0.845714 0.753299 0.069696 0.354459
0 0.846012 0.679074 0.067271 0.210955
0 0.035417 0.705398 0.022659 0.173878
0 0.248395 0.687097 0.042447 0.200992
26 0.869811 0.820507 0.029165 0.156530
