0 0.336860 0.794326 0.118537 0.406809
0 0.964088 0.786212 0.071453 0.418363
0 0.087254 0.823756 0.112608 0.351396
0 0.839400 0.818234 0.103705 0.356228
0 0.624427 0.853004 0.109821 0.231044
0 0.758509 0.792316 0.081953 0.409725
0 0.038665 0.710577 0.043976 0.233386
0 0.442947 0.793595 0.094333 0.403186
24 0.504677 0.777489 0.062279 0.229426
0 0.495270 0.795286 0.082792 0.399972
0 0.386969 0.662179 0.043037 0.182650
0 0.419778 0.794744 0.060560 0.404661
0 0.066458 0.648385 0.036016 0.162863
0 0.419760 0.678059 0.061746 0.169968
0 0.011214 0.693854 0.022004 0.222742
