0 0.947700 0.786728 0.103908 0.419327
0 0.327444 0.794007 0.121683 0.407869
0 0.608161 0.845356 0.106234 0.230664
0 0.840182 0.808496 0.102292 0.371888
0 0.073023 0.828821 0.108523 0.340479
0 0.444924 0.798117 0.100393 0.401857
0 0.711122 0.797332 0.087490 0.402722
0 0.391375 0.801479 0.063031 0.386918
24 0.499341 0.776416 0.059434 0.227382
0 0.037193 0.689850 0.039882 0.164182
0 0.013443 0.696987 0.026774 0.214597
0 0.361100 0.631263 0.036866 0.129760
0 0.065426 0.627542 0.035315 0.124592
0 0.390983 0.708666 0.054689 0.210708
0 0.779134 0.834904 0.037683 0.303032
