0 0.312107 0.795850 0.116050 0.404410
0 0.806084 0.816128 0.162472 0.366273
0 0.922818 0.792452 0.116758 0.413894
0 0.046442 0.824339 0.092585 0.344517
0 0.632653 0.797558 0.096219 0.401452
0 0.429685 0.795329 0.093479 0.404810
0 0.564149 0.840777 0.064525 0.221453
24 0.484782 0.767519 0.061062 0.221287
0 0.365176 0.812659 0.064419 0.368963
0 0.061783 0.650142 0.042076 0.168939
0 0.742231 0.821890 0.037612 0.308076
0 0.389016 0.669572 0.037050 0.133391
0 0.205823 0.794499 0.046159 0.089912
0 0.388582 0.693676 0.041704 0.184181
0 0.389033 0.739943 0.039839 0.273998
24 0.487525 0.788814 0.053556 0.176507
0 0.354519 0.809142 0.046786 0.356892
0 0.010967 0.666108 0.021934 0.174769
0 0.350595 0.686573 0.039372 0.114196
