0 0.555339 0.792578 0.085606 0.404811
0 0.288732 0.793024 0.107018 0.413357
0 0.840492 0.797354 0.108514 0.389097
0 0.893160 0.788323 0.099136 0.411934
0 0.396463 0.795189 0.094176 0.404606
0 0.035517 0.817128 0.070905 0.352524
0 0.962653 0.778616 0.073661 0.423903
24 0.448569 0.773072 0.056314 0.217054
0 0.336629 0.765218 0.041618 0.313774
0 0.695384 0.826419 0.037174 0.310256
0 0.094435 0.805434 0.025897 0.073144
26 0.448816 0.771907 0.055748 0.211551
0 0.336052 0.682755 0.039514 0.150526
0 0.186122 0.793875 0.043824 0.066645
0 0.034518 0.665968 0.029984 0.110904
0 0.142025 0.798237 0.041058 0.069764
