0 0.224708 0.796286 0.098659 0.402078
0 0.781286 0.803676 0.164878 0.385303
0 0.328113 0.801843 0.101508 0.388849
0 0.404110 0.787894 0.090360 0.412997
0 0.476578 0.799132 0.084082 0.191462
0 0.853586 0.779786 0.075965 0.428279
0 0.016346 0.716365 0.032692 0.210704
5 0.117454 0.774109 0.172925 0.426783
0 0.853557 0.702854 0.075431 0.271341
0 0.762164 0.731486 0.070208 0.308503
0 0.591120 0.811962 0.038183 0.247605
24 0.371468 0.764333 0.052155 0.202258
0 0.250606 0.660175 0.042792 0.141819
26 0.371585 0.761788 0.056090 0.204187
0 0.752488 0.786850 0.091937 0.417892
