0 0.355641 0.794932 0.118604 0.407259
0 0.107877 0.830040 0.134618 0.338920
0 0.644222 0.857810 0.111132 0.239191
0 0.831980 0.824703 0.108597 0.348183
0 0.462906 0.793689 0.103505 0.404131
0 0.041206 0.745462 0.053680 0.265481
0 0.519849 0.801485 0.070424 0.394689
0 0.983415 0.797146 0.032672 0.405709
0 0.418600 0.682436 0.054617 0.242547
24 0.517543 0.789077 0.064622 0.210851
0 0.417586 0.774386 0.058402 0.425291
0 0.071431 0.656876 0.036366 0.188054
0 0.007962 0.696756 0.015881 0.230210
0 0.022926 0.690729 0.027345 0.215061
0 0.806548 0.728883 0.073766 0.295107
