0 0.234750 0.793255 0.101248 0.407757
0 0.792629 0.800964 0.158243 0.384461
0 0.426953 0.793331 0.085783 0.409258
0 0.490449 0.804041 0.082630 0.193688
0 0.333780 0.795762 0.104921 0.403493
24 0.375400 0.758368 0.054042 0.203627
0 0.869598 0.778510 0.082460 0.433524
0 0.019774 0.717250 0.038647 0.211875
0 0.776833 0.730997 0.063231 0.312028
0 0.015746 0.743834 0.031491 0.250304
26 0.873665 0.837172 0.032258 0.136109
0 0.012567 0.766067 0.025133 0.282784
0 0.607661 0.802137 0.038274 0.281197
5 0.126878 0.773133 0.175183 0.439412
0 0.761121 0.785675 0.095372 0.421672
10 0.607619 0.810738 0.038158 0.276273
