0 0.201100 0.804475 0.097841 0.385131
0 0.741044 0.792547 0.110843 0.405437
0 0.919978 0.835891 0.158588 0.316017
0 0.287233 0.807816 0.079791 0.382971
0 0.433822 0.799890 0.081386 0.177558
0 0.816807 0.798841 0.091765 0.388488
0 0.010439 0.718886 0.020878 0.189454
0 0.233865 0.675049 0.042534 0.158124
0 0.332190 0.773328 0.059538 0.363953
0 0.337356 0.800096 0.048488 0.309156
0 0.777041 0.646893 0.041194 0.134360
24 0.867202 0.811160 0.028444 0.134722
26 0.867650 0.809245 0.028657 0.139841
26 0.334802 0.776029 0.054478 0.196463
