0 0.348616 0.794542 0.118703 0.407728
0 0.637662 0.858957 0.107181 0.236337
0 0.098398 0.825357 0.124874 0.345702
0 0.834901 0.822248 0.101205 0.348871
0 0.040028 0.741236 0.052394 0.257871
0 0.976413 0.785573 0.046729 0.418647
0 0.453887 0.792614 0.095723 0.407614
24 0.512103 0.774495 0.063568 0.237591
0 0.788765 0.786080 0.069040 0.403362
0 0.407615 0.706593 0.053356 0.282098
0 0.510251 0.800443 0.071289 0.391670
0 0.407465 0.772815 0.054834 0.409357
62 0.592917 0.467689 0.117446 0.359799
0 0.069782 0.656434 0.037668 0.183767
0 0.236544 0.817477 0.051363 0.096281
0 0.011186 0.692733 0.021016 0.217291
