0 0.744334 0.791275 0.099264 0.407941
0 0.203767 0.800290 0.098865 0.391223
0 0.826952 0.802073 0.102385 0.390623
0 0.293131 0.803062 0.081518 0.393876
0 0.436915 0.796837 0.082829 0.176472
0 0.010833 0.712311 0.021667 0.197461
0 0.959608 0.851131 0.079722 0.291790
0 0.235350 0.665842 0.041660 0.146808
0 0.343749 0.819422 0.052062 0.292571
24 0.342984 0.768885 0.051580 0.183298
0 0.340628 0.778644 0.054962 0.376135
6 0.831747 0.686509 0.335609 0.363716
0 0.337117 0.663743 0.053886 0.149665
0 0.234206 0.640344 0.042504 0.096960
26 0.865400 0.812878 0.029684 0.147698
0 0.780557 0.625684 0.045093 0.103037
