0 0.902676 0.838564 0.193646 0.314387
0 0.198105 0.806129 0.095726 0.384264
0 0.740002 0.794426 0.114398 0.403489
0 0.284767 0.809872 0.080129 0.380256
0 0.431664 0.800794 0.082924 0.175484
0 0.825137 0.783232 0.085271 0.356209
0 0.010673 0.720281 0.021347 0.192892
0 0.234219 0.680966 0.042517 0.160602
0 0.333913 0.817462 0.050528 0.278326
0 0.324351 0.668653 0.048065 0.146277
0 0.233778 0.716809 0.041414 0.228570
0 0.775668 0.650182 0.046961 0.136407
24 0.333063 0.799916 0.051047 0.153415
0 0.330002 0.781252 0.053068 0.366451
26 0.333355 0.806888 0.049211 0.137268
