0 0.285837 0.797000 0.108042 0.404099
0 0.542154 0.791503 0.078905 0.408119
0 0.391063 0.797582 0.091698 0.402323
0 0.834432 0.804923 0.110076 0.384892
0 0.959213 0.780767 0.080358 0.425744
0 0.033909 0.819605 0.067817 0.351413
0 0.890758 0.788569 0.094863 0.416769
24 0.442241 0.776637 0.055407 0.208053
0 0.034203 0.670009 0.030966 0.120967
0 0.330882 0.678968 0.035196 0.142197
0 0.330230 0.763351 0.039603 0.309362
0 0.185539 0.792417 0.044104 0.067564
0 0.689543 0.841587 0.038610 0.270053
26 0.574867 0.814738 0.036121 0.166100
