0 0.941757 0.783691 0.114511 0.421804
0 0.325818 0.793055 0.121176 0.408065
0 0.444265 0.795987 0.098557 0.401620
0 0.604451 0.843630 0.102680 0.227140
0 0.069019 0.827529 0.104255 0.344941
0 0.841658 0.809872 0.101192 0.380256
0 0.386066 0.800984 0.057355 0.384667
0 0.693373 0.797087 0.085323 0.405812
24 0.495848 0.774913 0.066780 0.226682
0 0.037593 0.675880 0.037058 0.137458
0 0.013392 0.701089 0.026748 0.189608
0 0.355516 0.624525 0.037585 0.118580
24 0.501398 0.803146 0.055610 0.172530
0 0.068145 0.617916 0.036430 0.107885
0 0.178571 0.821740 0.033587 0.059007
