0 0.804981 0.815754 0.171566 0.367577
0 0.916645 0.789786 0.114978 0.408177
0 0.305825 0.795713 0.112386 0.405615
0 0.041843 0.821507 0.083653 0.351237
0 0.614646 0.791533 0.101105 0.413287
0 0.423335 0.792711 0.095137 0.410096
24 0.479159 0.762726 0.058865 0.220468
0 0.555219 0.837246 0.057027 0.213995
0 0.372037 0.801909 0.058820 0.391142
0 0.979755 0.781011 0.039966 0.429116
0 0.060494 0.654928 0.040953 0.178483
24 0.481976 0.791565 0.052918 0.164930
0 0.201368 0.793121 0.047357 0.084847
0 0.104976 0.815574 0.025665 0.064717
0 0.027586 0.655364 0.027695 0.111115
