0 0.283836 0.792341 0.111340 0.408227
0 0.532028 0.789013 0.079020 0.409240
0 0.954384 0.782437 0.081184 0.425192
0 0.831469 0.807552 0.094702 0.381508
0 0.030684 0.809373 0.061328 0.337985
0 0.382618 0.797667 0.087893 0.402461
0 0.883505 0.784592 0.083016 0.411570
0 0.032408 0.671451 0.032018 0.120024
24 0.435390 0.774551 0.056879 0.213252
0 0.322007 0.674952 0.035845 0.133229
26 0.567877 0.818795 0.042835 0.150131
0 0.323630 0.772843 0.041405 0.326423
0 0.136744 0.777804 0.044003 0.098880
0 0.181219 0.779952 0.042309 0.082450
