0 0.561928 0.790771 0.085040 0.404535
0 0.291402 0.792284 0.107597 0.411505
0 0.896970 0.787576 0.103707 0.413914
0 0.832733 0.798792 0.112409 0.387856
0 0.401703 0.792272 0.095587 0.405067
0 0.964991 0.779920 0.069260 0.432452
0 0.034570 0.819770 0.069073 0.346682
0 0.343222 0.770267 0.044940 0.323676
24 0.454609 0.765701 0.056720 0.213807
0 0.188025 0.791490 0.047042 0.066787
0 0.063111 0.691482 0.040312 0.252574
26 0.454326 0.770762 0.057999 0.219244
0 0.855900 0.794497 0.147508 0.400770
0 0.095684 0.803848 0.025631 0.073728
0 0.142618 0.777720 0.042350 0.109859
0 0.699843 0.826228 0.037266 0.316989
