0 0.910176 0.741297 0.178760 0.510761
0 0.856716 0.878941 0.125846 0.241990
0 0.619357 0.744704 0.189154 0.495549
0 0.946691 0.523049 0.077730 0.267728
0 0.418081 0.875454 0.217989 0.248279
0 0.286385 0.839528 0.137726 0.320054
0 0.145927 0.729764 0.140036 0.475824
0 0.636341 0.529866 0.069581 0.271034
0 0.107769 0.835319 0.215427 0.309977
0 0.477836 0.737111 0.111692 0.475511
0 0.540105 0.633887 0.066959 0.404563
56 0.733268 0.761184 0.047182 0.080458
0 0.407811 0.812045 0.136291 0.263116
0 0.436783 0.748138 0.194437 0.459154
0 0.045021 0.588798 0.069153 0.274874
