0 0.326884 0.738529 0.159652 0.505904
0 0.535252 0.590162 0.066703 0.364671
0 0.429479 0.826182 0.126789 0.338855
0 0.933533 0.767293 0.132364 0.310385
0 0.846094 0.603732 0.081361 0.360631
0 0.793633 0.743635 0.181618 0.499212
0 0.048160 0.627016 0.095509 0.283863
0 0.422522 0.579080 0.080675 0.268889
0 0.935468 0.903305 0.128132 0.187720
0 0.099829 0.850384 0.199273 0.283139
0 0.721599 0.623839 0.106881 0.326955
0 0.497953 0.832639 0.126483 0.176130
0 0.218905 0.890836 0.118836 0.218328
0 0.476498 0.941954 0.181215 0.114193
0 0.696708 0.887305 0.096400 0.225391
0 0.233928 0.805593 0.162674 0.383959
0 0.476605 0.870060 0.182149 0.252889
0 0.457778 0.523926 0.059521 0.267717
0 0.316622 0.454572 0.036968 0.087482
0 0.129661 0.737879 0.086450 0.202988
0 0.240544 0.574392 0.084842 0.226548
