0 0.546907 0.841782 0.130485 0.312638
0 0.899860 0.681185 0.094687 0.480244
0 0.796087 0.828578 0.189389 0.338153
0 0.966077 0.785603 0.066942 0.408944
0 0.654894 0.779258 0.192004 0.436380
0 0.387525 0.713997 0.265372 0.558361
0 0.771309 0.720090 0.069569 0.288438
0 0.714569 0.662959 0.052343 0.179276
0 0.114591 0.855097 0.228625 0.273655
0 0.331164 0.547113 0.047983 0.168092
0 0.909036 0.915735 0.058785 0.159020
0 0.366794 0.513758 0.050931 0.185973
0 0.326759 0.797793 0.141420 0.391189
0 0.262110 0.807720 0.100710 0.380300
