0 0.828853 0.620438 0.095345 0.360620
0 0.536952 0.589109 0.064638 0.365590
0 0.309515 0.669027 0.132390 0.386168
0 0.819274 0.870107 0.222358 0.256327
0 0.050247 0.610338 0.096843 0.263843
0 0.117230 0.841121 0.234200 0.298778
0 0.422661 0.550678 0.074586 0.223318
0 0.429852 0.937501 0.156182 0.123012
0 0.119462 0.695167 0.082282 0.172303
0 0.462529 0.514744 0.057901 0.252970
0 0.448862 0.839472 0.114145 0.240400
0 0.736318 0.558211 0.102201 0.167631
0 0.636295 0.746670 0.124865 0.489540
0 0.207488 0.640286 0.082669 0.231395
0 0.956326 0.714055 0.086557 0.260837
0 0.433906 0.858590 0.155159 0.279947
0 0.409157 0.734734 0.089409 0.189780
0 0.245271 0.568123 0.074158 0.237814
0 0.332821 0.901283 0.159784 0.193340
0 0.327028 0.456939 0.036422 0.099293
0 0.197967 0.870772 0.105492 0.253198
