0 0.732091 0.816719 0.219722 0.356489
0 0.588501 0.771882 0.193034 0.448094
0 0.872397 0.648615 0.086191 0.415634
0 0.637954 0.606787 0.075491 0.233212
0 0.292258 0.790398 0.135805 0.405953
0 0.420767 0.710880 0.179771 0.566509
0 0.942463 0.782176 0.114069 0.423612
0 0.354971 0.511957 0.055537 0.183198
0 0.375148 0.642787 0.071387 0.155598
0 0.234260 0.789119 0.090402 0.356069
0 0.188960 0.729574 0.080833 0.240994
0 0.114778 0.840686 0.229153 0.300093
0 0.279007 0.526158 0.043896 0.209144
0 0.775207 0.721215 0.065471 0.286040
0 0.090399 0.470538 0.030975 0.150976
0 0.771041 0.654215 0.058778 0.155821
