0 0.383999 0.742543 0.169092 0.500446
0 0.788346 0.672076 0.167520 0.421681
0 0.858565 0.584454 0.105780 0.329682
0 0.494613 0.837277 0.131116 0.320891
0 0.552325 0.593635 0.068435 0.375800
0 0.784312 0.895773 0.143993 0.206485
0 0.068386 0.632562 0.120689 0.303779
0 0.572515 0.876129 0.131503 0.199174
0 0.277315 0.911445 0.149414 0.177109
0 0.923666 0.775840 0.152026 0.440122
74 0.784168 0.362233 0.092564 0.204746
0 0.260037 0.582519 0.088229 0.245802
0 0.101683 0.846297 0.203001 0.287562
0 0.451978 0.600630 0.076036 0.313060
0 0.167723 0.797760 0.091781 0.301718
0 0.326330 0.451608 0.038579 0.088588
0 0.246889 0.783694 0.116084 0.327123
0 0.299319 0.658660 0.081575 0.315574
