0 0.931348 0.576512 0.134273 0.378216
0 0.206784 0.755303 0.161056 0.473659
0 0.586053 0.743272 0.139432 0.438533
0 0.683286 0.589129 0.075321 0.385003
0 0.859718 0.880926 0.121435 0.234956
0 0.758472 0.756560 0.186825 0.478897
0 0.342099 0.819557 0.119960 0.357833
0 0.607175 0.938483 0.158691 0.119175
0 0.953919 0.792748 0.091457 0.404590
0 0.109054 0.833662 0.217571 0.310678
0 0.441052 0.880412 0.172264 0.239177
0 0.401617 0.509704 0.041611 0.230475
26 0.042491 0.631431 0.047703 0.138639
0 0.291646 0.542560 0.078296 0.285933
0 0.044949 0.597635 0.072247 0.272206
0 0.110218 0.594469 0.076293 0.335642
0 0.455959 0.599914 0.089283 0.220653
0 0.152038 0.593896 0.081190 0.319782
0 0.458657 0.651800 0.093737 0.323229
