0 0.323758 0.745612 0.153043 0.501071
0 0.536475 0.605699 0.064693 0.375044
0 0.906428 0.900036 0.187144 0.198133
0 0.825098 0.585335 0.109441 0.276902
0 0.461749 0.874269 0.170202 0.243923
0 0.048513 0.632897 0.094289 0.268937
0 0.750503 0.741128 0.186906 0.503909
0 0.425983 0.582565 0.071650 0.254806
0 0.414859 0.824084 0.134439 0.338180
0 0.882324 0.746423 0.112182 0.255454
0 0.103226 0.851488 0.205833 0.279499
0 0.460101 0.538681 0.058572 0.269673
0 0.970660 0.712599 0.057868 0.215856
0 0.221577 0.803734 0.162131 0.380457
0 0.214493 0.890030 0.108687 0.219941
0 0.321202 0.470182 0.036886 0.091583
0 0.791809 0.825915 0.090285 0.342635
0 0.683814 0.785941 0.061377 0.408320
