0 0.926053 0.744183 0.146846 0.502713
0 0.920764 0.534872 0.073000 0.276326
0 0.706827 0.749962 0.219518 0.488129
0 0.486752 0.908155 0.157539 0.183690
0 0.968235 0.899597 0.062858 0.200656
0 0.175867 0.745787 0.146489 0.491392
0 0.538472 0.748150 0.134398 0.490178
0 0.417514 0.855361 0.130875 0.272001
0 0.661752 0.473940 0.067933 0.158321
0 0.300316 0.805449 0.117428 0.374722
0 0.108369 0.826730 0.216443 0.324824
0 0.243629 0.669203 0.082055 0.385317
0 0.047860 0.590976 0.071812 0.277282
0 0.141396 0.539011 0.062664 0.221967
0 0.575266 0.593358 0.059355 0.316046
0 0.777123 0.889537 0.086144 0.216131
0 0.100631 0.577847 0.064480 0.325999
0 0.661573 0.552579 0.070623 0.316316
0 0.428461 0.601374 0.083072 0.234201
0 0.262187 0.500352 0.050949 0.224343
26 0.042568 0.637137 0.051512 0.096833
