0 0.534091 0.594477 0.064513 0.368968
0 0.830829 0.879261 0.211917 0.239771
0 0.819418 0.606992 0.113159 0.334064
0 0.307948 0.684682 0.139738 0.412506
0 0.047982 0.610754 0.094903 0.261560
0 0.739478 0.558398 0.078551 0.171833
0 0.412707 0.554792 0.086575 0.225614
0 0.957348 0.723112 0.084582 0.270277
0 0.111702 0.844030 0.222687 0.294899
0 0.117105 0.702549 0.082399 0.176382
0 0.456267 0.513736 0.057455 0.247397
0 0.798358 0.682013 0.090499 0.192490
0 0.433069 0.863101 0.161769 0.269071
0 0.660285 0.741401 0.157517 0.508110
0 0.957288 0.783945 0.084584 0.393585
0 0.239644 0.569795 0.077849 0.234020
0 0.431976 0.942058 0.160534 0.114471
0 0.731271 0.723092 0.084160 0.183947
0 0.321588 0.460555 0.033292 0.098493
0 0.106031 0.439191 0.033076 0.114374
0 0.367444 0.823204 0.172218 0.352432
0 0.456008 0.845118 0.112148 0.235010
0 0.196768 0.639909 0.083282 0.223605
