0 0.763868 0.752373 0.129042 0.481835
0 0.679388 0.846540 0.177852 0.305300
0 0.929356 0.905486 0.140172 0.188416
0 0.117285 0.838719 0.233970 0.302372
0 0.294096 0.624298 0.123600 0.306041
0 0.266547 0.864784 0.145665 0.269329
0 0.401252 0.846110 0.139530 0.307235
0 0.098609 0.672537 0.083625 0.166087
0 0.410854 0.551728 0.074393 0.228431
0 0.454912 0.549634 0.057537 0.336578
0 0.238614 0.556218 0.078376 0.232267
0 0.521363 0.579210 0.053083 0.352063
0 0.928094 0.816304 0.143812 0.345384
0 0.180298 0.698535 0.101173 0.236503
0 0.633724 0.786585 0.133484 0.384537
0 0.952975 0.702023 0.093878 0.247869
0 0.187186 0.628876 0.091708 0.218412
74 0.733605 0.363048 0.080605 0.210360
0 0.325292 0.455342 0.034929 0.106298
