0 0.909533 0.673490 0.076130 0.223207
0 0.874553 0.787379 0.238207 0.415070
0 0.505331 0.523628 0.064362 0.265567
0 0.783617 0.867225 0.148621 0.264880
74 0.705504 0.360609 0.070731 0.186547
0 0.124822 0.835915 0.249163 0.308759
0 0.551988 0.811393 0.161152 0.373674
0 0.236165 0.821906 0.127198 0.338500
0 0.980484 0.731928 0.038426 0.534202
0 0.175186 0.588463 0.068137 0.182662
0 0.340572 0.821397 0.131032 0.349477
0 0.070485 0.638146 0.093196 0.164692
0 0.384390 0.535861 0.059412 0.227797
0 0.430922 0.724444 0.120681 0.539698
0 0.323289 0.560641 0.080142 0.219003
0 0.146609 0.662308 0.080448 0.228316
0 0.571868 0.756820 0.110260 0.358712
0 0.556694 0.627170 0.080514 0.110386
25 0.761643 0.602225 0.077261 0.090251
0 0.524463 0.768391 0.212762 0.455839
