0 0.871389 0.727682 0.189902 0.522853
0 0.486572 0.740974 0.193179 0.502953
0 0.584714 0.573345 0.070378 0.355139
0 0.622972 0.855007 0.139242 0.287535
0 0.330487 0.815253 0.135092 0.355024
0 0.730447 0.916219 0.154738 0.163941
0 0.097380 0.655912 0.129121 0.347907
0 0.241953 0.838672 0.153487 0.322176
0 0.936713 0.931087 0.125546 0.136669
74 0.820534 0.365659 0.083833 0.195640
0 0.500484 0.612204 0.063726 0.362264
0 0.368905 0.689551 0.095384 0.390215
0 0.273313 0.559561 0.087550 0.209899
0 0.342435 0.450746 0.039004 0.109928
0 0.898007 0.523305 0.087628 0.244162
0 0.103002 0.841941 0.205429 0.294570
0 0.382575 0.948409 0.130146 0.103183
0 0.031948 0.582053 0.063884 0.257509
