0 0.635802 0.804571 0.203419 0.387165
0 0.904028 0.780765 0.088744 0.430099
0 0.828715 0.591763 0.083719 0.307253
0 0.509678 0.765286 0.158638 0.457965
0 0.562530 0.617612 0.080460 0.326979
0 0.372456 0.703389 0.182150 0.582668
0 0.258882 0.781789 0.126389 0.426807
0 0.727181 0.685026 0.085145 0.239523
0 0.971140 0.648031 0.057265 0.565560
0 0.114830 0.850832 0.228637 0.282705
0 0.966802 0.862803 0.065802 0.271471
0 0.088315 0.462822 0.031076 0.142651
3 0.824534 0.852567 0.180259 0.286690
56 0.192959 0.800962 0.060310 0.118600
0 0.333344 0.498043 0.068659 0.163121
0 0.154549 0.693928 0.086212 0.216545
0 0.273092 0.498026 0.037321 0.154609
0 0.116737 0.763989 0.233475 0.452027
0 0.059354 0.695948 0.113486 0.153416
