0 0.613448 0.772075 0.197070 0.447712
0 0.763690 0.784027 0.225910 0.424267
0 0.886086 0.661291 0.086931 0.439066
0 0.306651 0.794736 0.135424 0.400198
0 0.934147 0.781161 0.130019 0.418123
0 0.426135 0.710945 0.186431 0.562948
0 0.662880 0.621409 0.066980 0.199958
0 0.529368 0.835671 0.105631 0.328658
0 0.360452 0.513773 0.052104 0.191856
0 0.114929 0.848876 0.229406 0.284695
0 0.282431 0.521986 0.041826 0.200454
0 0.206185 0.732316 0.085305 0.249444
0 0.121335 0.733166 0.102829 0.166912
24 0.956309 0.866828 0.086938 0.258392
