0 0.932518 0.742159 0.134435 0.508981
0 0.725325 0.749336 0.226723 0.490596
0 0.549035 0.749769 0.141052 0.483715
0 0.181342 0.745268 0.149249 0.490823
0 0.922653 0.561371 0.087508 0.337360
0 0.508551 0.914412 0.164271 0.171176
0 0.306914 0.810158 0.114414 0.370031
0 0.385699 0.863294 0.199011 0.263961
0 0.667383 0.470857 0.069380 0.152644
0 0.109116 0.828654 0.217764 0.323024
0 0.793594 0.888080 0.093696 0.223841
0 0.249509 0.675937 0.082019 0.391586
74 0.937465 0.361301 0.110665 0.228185
0 0.143753 0.547955 0.064136 0.240258
0 0.666242 0.551662 0.070453 0.313067
0 0.581327 0.588557 0.058013 0.303940
