0 0.305111 0.661249 0.126160 0.352792
0 0.765581 0.863127 0.190596 0.273746
0 0.824598 0.633072 0.081458 0.376394
0 0.539167 0.594154 0.063321 0.368105
0 0.962451 0.829893 0.074697 0.330956
0 0.771863 0.621308 0.075138 0.257581
0 0.052182 0.612817 0.093531 0.258369
0 0.116556 0.842150 0.232640 0.297513
0 0.691178 0.806150 0.122754 0.374535
0 0.308257 0.891268 0.149959 0.215699
0 0.422778 0.563506 0.075346 0.231485
0 0.430048 0.807385 0.104279 0.174542
0 0.116516 0.696884 0.083569 0.171466
0 0.970785 0.630118 0.040026 0.084743
0 0.462972 0.539090 0.059293 0.290432
0 0.422615 0.932403 0.149562 0.135194
0 0.209098 0.639601 0.085034 0.226598
0 0.610387 0.737126 0.106116 0.509927
0 0.925761 0.849537 0.096733 0.280740
0 0.653636 0.736011 0.193015 0.510375
0 0.423744 0.899654 0.148149 0.200692
0 0.248073 0.571052 0.070000 0.221490
