0 0.764819 0.757706 0.145299 0.475533
0 0.929428 0.897298 0.140086 0.205405
0 0.405120 0.543299 0.073210 0.228458
0 0.291147 0.611514 0.121486 0.297652
0 0.118156 0.833205 0.235706 0.311833
0 0.451705 0.542755 0.056073 0.332969
0 0.392640 0.840967 0.146751 0.316717
0 0.666215 0.837726 0.192975 0.322379
0 0.260965 0.857248 0.141826 0.280392
0 0.917716 0.811946 0.157710 0.364975
0 0.231809 0.552822 0.073859 0.234575
74 0.729355 0.357806 0.075520 0.203245
0 0.394377 0.916164 0.142301 0.167672
0 0.175645 0.691556 0.092864 0.240518
0 0.641859 0.642777 0.093173 0.097096
0 0.099306 0.663289 0.083555 0.166547
0 0.956765 0.688315 0.083403 0.239417
0 0.377822 0.782278 0.127155 0.203115
