0 0.908093 0.739906 0.182722 0.508588
0 0.606834 0.746639 0.189819 0.494942
0 0.837786 0.877616 0.131309 0.242697
0 0.942634 0.525928 0.075004 0.266607
0 0.464996 0.731489 0.108085 0.462749
0 0.632250 0.594242 0.068197 0.396088
0 0.140653 0.724400 0.140363 0.463956
0 0.404454 0.875536 0.251076 0.248929
0 0.104260 0.835997 0.208097 0.306243
0 0.277764 0.841068 0.138375 0.317176
0 0.530431 0.627744 0.063947 0.385900
56 0.717690 0.761511 0.049910 0.080153
0 0.381812 0.616079 0.080638 0.189330
74 0.879783 0.363492 0.089690 0.210233
0 0.041679 0.588809 0.077224 0.275969
0 0.417593 0.837152 0.218177 0.323670
0 0.295571 0.537836 0.071575 0.139984
0 0.120234 0.545214 0.061068 0.233081
0 0.247941 0.777839 0.097419 0.347774
0 0.406761 0.805298 0.138383 0.253606
