0 0.437080 0.738969 0.177700 0.505369
0 0.830416 0.711379 0.177991 0.492990
0 0.560431 0.846439 0.137887 0.303003
0 0.568953 0.553177 0.068005 0.315745
0 0.864081 0.911320 0.142163 0.176422
0 0.967895 0.849633 0.063338 0.295067
0 0.081678 0.635733 0.121592 0.317806
0 0.655518 0.899345 0.142201 0.192270
0 0.474977 0.603671 0.078901 0.338831
0 0.290383 0.799465 0.132710 0.349210
0 0.880076 0.570828 0.089087 0.335952
0 0.337346 0.668275 0.090331 0.364072
0 0.326617 0.927223 0.136050 0.142910
0 0.266209 0.557408 0.090853 0.212441
0 0.202450 0.823253 0.120890 0.348374
