0 0.581013 0.851553 0.149904 0.292760
0 0.709270 0.775072 0.200589 0.437478
0 0.876161 0.833276 0.183601 0.325336
0 0.924736 0.597629 0.097832 0.316105
0 0.979625 0.781385 0.040326 0.405481
0 0.473357 0.552059 0.047054 0.258905
0 0.395663 0.716186 0.228512 0.554419
0 0.812058 0.698803 0.075210 0.232391
0 0.345077 0.552102 0.051018 0.183109
0 0.364846 0.879521 0.152358 0.238425
0 0.256990 0.762002 0.088433 0.315383
0 0.755992 0.698126 0.047363 0.095239
0 0.906002 0.833971 0.121146 0.323372
0 0.184020 0.827311 0.129748 0.333776
0 0.282220 0.576158 0.079446 0.193465
0 0.113378 0.854063 0.225814 0.276800
0 0.378409 0.517229 0.048322 0.196060
0 0.811509 0.670999 0.068957 0.179538
