0 0.842734 0.756063 0.188902 0.477772
0 0.338355 0.738872 0.175381 0.504451
0 0.538325 0.588667 0.067734 0.358479
0 0.447567 0.830258 0.131255 0.333032
0 0.050707 0.629037 0.101035 0.290092
0 0.740553 0.730024 0.137077 0.524015
0 0.968394 0.815743 0.062763 0.351187
0 0.240405 0.896380 0.136954 0.207240
0 0.099211 0.850009 0.197863 0.284997
0 0.515393 0.839524 0.122024 0.161237
0 0.433530 0.572226 0.067828 0.253036
0 0.828630 0.523497 0.097884 0.208268
0 0.743057 0.647155 0.136342 0.363719
0 0.382015 0.637715 0.070878 0.219503
0 0.139113 0.752644 0.090393 0.219824
0 0.513210 0.950963 0.174653 0.096530
0 0.731207 0.888367 0.114300 0.222453
0 0.318032 0.454076 0.038937 0.088089
0 0.245204 0.580505 0.085795 0.229961
74 0.762474 0.369816 0.085600 0.201368
