0 0.457204 0.833754 0.130068 0.327938
0 0.355812 0.742294 0.200763 0.499090
0 0.539310 0.589752 0.068640 0.358584
0 0.749691 0.657976 0.142776 0.386232
0 0.866483 0.758067 0.175108 0.470121
0 0.742776 0.890924 0.122472 0.218151
0 0.052240 0.628860 0.103816 0.295657
0 0.971550 0.846540 0.056411 0.299684
0 0.249845 0.899627 0.146720 0.200745
0 0.099103 0.849390 0.197695 0.281387
74 0.762368 0.375049 0.079778 0.189729
0 0.827404 0.553692 0.087568 0.265165
0 0.527582 0.848214 0.122275 0.167926
0 0.441572 0.568998 0.091551 0.249788
0 0.316736 0.453345 0.036656 0.085048
0 0.143005 0.762938 0.090294 0.246483
0 0.530854 0.952520 0.179551 0.092732
0 0.436011 0.537105 0.109693 0.289869
