0 0.759141 0.779823 0.214149 0.427602
0 0.945002 0.673782 0.108311 0.470542
0 0.626287 0.858982 0.149597 0.277702
0 0.936384 0.834350 0.126406 0.323390
0 0.836374 0.731770 0.086156 0.299441
0 0.477070 0.533171 0.058501 0.225421
0 0.354805 0.559699 0.057266 0.208998
0 0.338890 0.881106 0.121816 0.237744
0 0.788130 0.722195 0.047288 0.073086
0 0.449022 0.715085 0.149576 0.549851
0 0.113306 0.850191 0.225409 0.281518
0 0.208823 0.833979 0.139401 0.329344
0 0.075580 0.679030 0.133044 0.221382
0 0.477468 0.578342 0.060366 0.321085
