0 0.564745 0.795202 0.186036 0.397642
0 0.503199 0.618290 0.070834 0.333625
0 0.955456 0.575122 0.085831 0.408030
0 0.783935 0.635405 0.096068 0.402434
0 0.852696 0.734642 0.072944 0.350242
0 0.229996 0.767902 0.117393 0.407204
0 0.326635 0.705582 0.171837 0.579553
0 0.677792 0.728975 0.104936 0.328651
0 0.912080 0.786408 0.148594 0.417581
0 0.323365 0.495232 0.057424 0.153509
0 0.114128 0.852647 0.227311 0.278333
0 0.051867 0.650995 0.098954 0.229623
0 0.423733 0.511801 0.043504 0.176248
0 0.205531 0.535800 0.047636 0.119159
0 0.973303 0.896596 0.052741 0.206808
3 0.754603 0.836994 0.196797 0.315369
0 0.114541 0.759832 0.229067 0.459516
0 0.144683 0.587383 0.086726 0.231782
