0 0.348424 0.740939 0.192177 0.503618
0 0.545137 0.587692 0.065445 0.363494
0 0.469614 0.833486 0.130977 0.329160
0 0.760542 0.661290 0.149894 0.405105
0 0.057662 0.631977 0.110043 0.298391
0 0.847151 0.560330 0.110991 0.284078
0 0.260499 0.898398 0.155146 0.203205
0 0.759709 0.890813 0.130837 0.215961
0 0.894671 0.763242 0.160501 0.458741
0 0.099788 0.850123 0.199026 0.278901
0 0.540249 0.842225 0.130201 0.155063
0 0.441073 0.567058 0.101357 0.259633
0 0.218156 0.772145 0.090278 0.305880
0 0.319931 0.452041 0.036675 0.087031
0 0.151060 0.779240 0.089524 0.279189
