0 0.322872 0.745996 0.149199 0.497390
0 0.539269 0.607356 0.063930 0.375587
0 0.887963 0.893944 0.205695 0.209130
0 0.819206 0.570384 0.115599 0.240537
0 0.854072 0.735338 0.104465 0.236419
0 0.049171 0.632250 0.093576 0.267517
0 0.427338 0.571424 0.071745 0.228830
0 0.108325 0.851993 0.216132 0.277502
0 0.461248 0.537759 0.059450 0.272749
0 0.440465 0.873479 0.195194 0.249550
0 0.773981 0.822344 0.089694 0.344673
0 0.247046 0.589669 0.075824 0.241096
0 0.324631 0.469994 0.036107 0.086365
0 0.697269 0.743247 0.157834 0.503209
0 0.215154 0.802963 0.171139 0.379119
0 0.969944 0.701125 0.059216 0.193988
0 0.966148 0.796606 0.067328 0.386212
74 0.756217 0.378437 0.086342 0.219075
