0 0.675106 0.747074 0.201827 0.495930
0 0.918810 0.741518 0.161645 0.504923
0 0.521992 0.748037 0.122996 0.492251
0 0.937370 0.891935 0.124538 0.216131
0 0.922264 0.529034 0.068544 0.265049
0 0.449854 0.896240 0.161742 0.207521
0 0.171570 0.745319 0.151698 0.497304
0 0.655107 0.457473 0.065424 0.129437
0 0.283382 0.796908 0.111827 0.370325
0 0.108704 0.830274 0.216820 0.319850
0 0.318642 0.846145 0.142849 0.302566
0 0.051446 0.591395 0.078611 0.276965
0 0.238871 0.631202 0.077061 0.321392
0 0.135937 0.534399 0.058080 0.200683
0 0.413314 0.803546 0.116493 0.201225
0 0.420228 0.601554 0.085351 0.230974
0 0.110833 0.743500 0.221230 0.491700
