0 0.883056 0.791797 0.233173 0.407202
0 0.508400 0.538986 0.062495 0.291591
0 0.797606 0.870955 0.138454 0.258091
0 0.912408 0.665708 0.068185 0.201744
74 0.709255 0.356873 0.070989 0.194857
0 0.123552 0.836620 0.246527 0.307351
0 0.518188 0.729248 0.251480 0.534995
0 0.563360 0.812265 0.163988 0.371790
0 0.707227 0.818221 0.167782 0.361476
25 0.767952 0.601027 0.079664 0.091478
0 0.386835 0.540965 0.060258 0.225799
0 0.149030 0.671935 0.081503 0.228005
0 0.069590 0.645359 0.082266 0.162384
0 0.236549 0.828929 0.127455 0.324008
