0 0.308855 0.701548 0.178141 0.581754
0 0.545878 0.796878 0.182633 0.400619
0 0.942462 0.589887 0.083876 0.431391
0 0.775500 0.621603 0.086202 0.376719
0 0.486906 0.612609 0.073697 0.332978
0 0.955568 0.888678 0.087956 0.222451
0 0.217185 0.752766 0.116070 0.377853
0 0.878901 0.806409 0.156685 0.378868
0 0.416254 0.555951 0.051557 0.260735
0 0.833918 0.734234 0.062126 0.347680
0 0.664896 0.720942 0.097061 0.315217
0 0.113270 0.851825 0.225565 0.280480
0 0.312936 0.488150 0.056805 0.135172
26 0.865910 0.908416 0.043712 0.181950
0 0.115722 0.762166 0.231444 0.454744
