0 0.593395 0.852333 0.148268 0.292535
0 0.896583 0.836088 0.187371 0.318651
0 0.930469 0.582636 0.102803 0.284945
0 0.724536 0.778225 0.212318 0.433848
0 0.820835 0.707091 0.080254 0.246117
0 0.474684 0.559316 0.050410 0.274134
0 0.187938 0.832867 0.128865 0.331908
0 0.362030 0.882643 0.136382 0.234714
0 0.764284 0.709047 0.048818 0.087624
0 0.347815 0.550856 0.054447 0.189265
0 0.264792 0.763149 0.088982 0.297247
0 0.782984 0.729183 0.091788 0.128560
0 0.984477 0.801804 0.030589 0.386387
0 0.113913 0.813952 0.226879 0.355321
