0 0.423330 0.739664 0.170698 0.505305
0 0.823849 0.709855 0.179741 0.487994
0 0.545039 0.843365 0.133307 0.308931
0 0.565590 0.551442 0.068675 0.305609
0 0.849353 0.908499 0.144895 0.183002
0 0.961440 0.844037 0.076253 0.306466
0 0.078862 0.631526 0.120771 0.313716
0 0.469675 0.602288 0.085869 0.337978
0 0.878063 0.579306 0.088284 0.348329
0 0.281527 0.804463 0.129126 0.362251
0 0.639219 0.894361 0.139511 0.198451
0 0.329696 0.660225 0.088648 0.354575
0 0.313175 0.922382 0.140036 0.152194
0 0.266864 0.565838 0.086821 0.228747
0 0.102134 0.841222 0.202961 0.295876
0 0.190433 0.820133 0.108733 0.331251
0 0.670352 0.897654 0.204355 0.199566
