0 0.533634 0.792956 0.175306 0.403217
0 0.302579 0.702565 0.182794 0.580375
0 0.768573 0.619852 0.083711 0.374268
0 0.933181 0.588744 0.081197 0.429116
0 0.478479 0.609071 0.074957 0.332317
0 0.210420 0.738304 0.113646 0.348920
0 0.945410 0.880568 0.108132 0.237845
0 0.688429 0.829551 0.186218 0.329967
0 0.860551 0.778048 0.152736 0.434770
0 0.415564 0.558523 0.053724 0.266267
0 0.112457 0.853045 0.223609 0.276982
0 0.135344 0.585777 0.088987 0.227436
0 0.675249 0.624544 0.075917 0.127835
0 0.312390 0.488842 0.044967 0.133900
0 0.114473 0.760230 0.228946 0.459148
0 0.198423 0.535931 0.048693 0.120507
