0 0.752338 0.774944 0.170099 0.446110
0 0.869793 0.885330 0.154464 0.229340
0 0.577338 0.824111 0.256580 0.345293
0 0.120011 0.828103 0.239249 0.324514
0 0.397833 0.530152 0.070494 0.219233
0 0.281955 0.630771 0.130337 0.361610
0 0.520822 0.480001 0.049562 0.186018
25 0.760179 0.564974 0.083829 0.074722
0 0.374079 0.829950 0.146676 0.336587
0 0.222676 0.536630 0.062932 0.224969
0 0.605325 0.625993 0.092123 0.097348
0 0.087335 0.647895 0.092088 0.165430
0 0.158201 0.670715 0.078345 0.224969
74 0.718223 0.345689 0.075955 0.208268
0 0.246424 0.837271 0.139772 0.314580
0 0.185288 0.590850 0.071984 0.199508
0 0.904722 0.796064 0.189076 0.384182
0 0.936118 0.657455 0.078826 0.189732
