0 0.549163 0.590321 0.068153 0.367509
0 0.851776 0.571477 0.106841 0.305207
0 0.775911 0.676579 0.155964 0.429142
0 0.483124 0.832516 0.131363 0.330639
0 0.772488 0.895164 0.138356 0.207286
0 0.366939 0.742465 0.180031 0.503678
0 0.062934 0.635587 0.116199 0.305564
0 0.269987 0.906430 0.152905 0.187139
0 0.100233 0.849509 0.200027 0.281647
0 0.916044 0.776170 0.160121 0.433227
0 0.553956 0.866764 0.128723 0.193238
0 0.257384 0.572205 0.086709 0.230289
0 0.159562 0.793036 0.091094 0.293980
0 0.323497 0.453416 0.037589 0.087410
0 0.218374 0.781839 0.074746 0.312194
0 0.441129 0.574689 0.082054 0.258972
0 0.577293 0.955698 0.188748 0.087622
0 0.560624 0.849452 0.118959 0.150053
0 0.445669 0.551731 0.110873 0.327853
