0 0.560970 0.847903 0.146112 0.300662
0 0.684428 0.772798 0.198727 0.441314
0 0.911274 0.649170 0.098531 0.416805
0 0.856123 0.828707 0.227727 0.328785
0 0.974062 0.786566 0.051520 0.416934
0 0.737412 0.684120 0.052843 0.136732
0 0.370687 0.515040 0.047710 0.191098
0 0.792160 0.696063 0.082467 0.235059
0 0.354194 0.802173 0.168981 0.388067
0 0.114184 0.853484 0.227922 0.275082
0 0.593865 0.715145 0.081836 0.148793
0 0.403537 0.710323 0.236275 0.567957
0 0.278950 0.812682 0.111706 0.369386
0 0.243894 0.757637 0.082885 0.308378
0 0.361635 0.865158 0.183458 0.267263
0 0.338276 0.546642 0.049363 0.181588
0 0.055748 0.661223 0.111200 0.215745
0 0.370892 0.690115 0.098821 0.169039
0 0.270114 0.578672 0.079081 0.189920
