0 0.722998 0.853437 0.178821 0.290367
0 0.944763 0.823682 0.109998 0.343803
0 0.537461 0.593385 0.065294 0.363357
0 0.299653 0.638703 0.125324 0.313632
0 0.116872 0.841932 0.233035 0.295052
0 0.962264 0.622749 0.050797 0.075535
0 0.284213 0.874537 0.136417 0.248036
0 0.662825 0.800237 0.127527 0.374052
0 0.761692 0.649500 0.111171 0.285434
0 0.418315 0.565806 0.075598 0.238151
0 0.819238 0.719695 0.070246 0.523434
0 0.410604 0.796519 0.109309 0.172825
0 0.051646 0.605896 0.089654 0.254555
0 0.414064 0.926716 0.142297 0.145831
0 0.461518 0.545108 0.059076 0.308140
0 0.204178 0.634605 0.079631 0.221295
0 0.243916 0.569177 0.070375 0.232142
0 0.109821 0.687272 0.087414 0.170417
0 0.679778 0.679046 0.091590 0.120478
