0 0.810182 0.635481 0.193983 0.720930
0 0.283953 0.633585 0.089715 0.498338
2 0.922167 0.474278 0.154746 0.273704
0 0.562553 0.734002 0.128212 0.521305
0 0.025885 0.593414 0.051770 0.305918
0 0.498457 0.505440 0.083443 0.375994
0 0.159042 0.544516 0.055316 0.280431
0 0.022384 0.690114 0.044768 0.442803
24 0.887264 0.554240 0.067796 0.263350
0 0.623181 0.683529 0.112312 0.594656
26 0.645592 0.637159 0.067446 0.263048
0 0.145463 0.548507 0.082459 0.271812
0 0.544442 0.422535 0.043479 0.113750
0 0.127942 0.547993 0.049388 0.265618
0 0.500096 0.564477 0.087019 0.520254
26 0.125924 0.547446 0.037666 0.090438
24 0.848362 0.538972 0.147860 0.287315
