0 0.462786 0.713401 0.147094 0.561291
0 0.302570 0.552962 0.088416 0.431144
0 0.362035 0.550018 0.059512 0.365518
0 0.139493 0.598194 0.073453 0.388681
0 0.699942 0.634219 0.131930 0.719538
2 0.891853 0.438112 0.211986 0.229844
0 0.012733 0.664235 0.025352 0.388089
0 0.099055 0.525316 0.042252 0.263077
24 0.727732 0.527505 0.088163 0.277686
26 0.559996 0.609539 0.052733 0.131869
0 0.506344 0.685431 0.088488 0.607909
0 0.066017 0.527205 0.037201 0.244150
0 0.524686 0.687435 0.122566 0.611520
0 0.540051 0.755011 0.066839 0.481142
