0 0.283960 0.707104 0.116761 0.565978
0 0.614195 0.900611 0.134371 0.198587
24 0.447850 0.511442 0.071342 0.209203
0 0.426764 0.615571 0.116379 0.617741
0 0.694489 0.596109 0.096907 0.576904
0 0.049648 0.511872 0.054015 0.231626
0 0.018581 0.508168 0.037163 0.269131
26 0.718023 0.522972 0.058782 0.212545
0 0.119738 0.508430 0.024542 0.111202
26 0.729388 0.529319 0.036834 0.190839
26 0.356568 0.573051 0.045648 0.101964
25 0.734625 0.359297 0.106121 0.157063
0 0.333508 0.629100 0.103518 0.501423
0 0.313794 0.492509 0.062913 0.221884
0 0.317925 0.629548 0.066379 0.496332
