0 0.278740 0.707126 0.120890 0.559970
0 0.604649 0.894180 0.130080 0.208456
0 0.695562 0.596379 0.108401 0.569124
0 0.425698 0.627858 0.128407 0.639957
24 0.441999 0.515728 0.072952 0.200719
0 0.044012 0.506948 0.050631 0.227800
0 0.015384 0.507099 0.030769 0.269006
26 0.721228 0.528592 0.035961 0.206281
0 0.321957 0.636942 0.077590 0.516509
0 0.116718 0.508322 0.024057 0.112462
26 0.704786 0.522660 0.070083 0.215449
25 0.726366 0.359085 0.102421 0.150890
26 0.355077 0.557558 0.043487 0.126118
26 0.354915 0.566500 0.039185 0.096241
62 0.194930 0.356227 0.287024 0.408885
26 0.722028 0.570276 0.032896 0.106306
