0 0.103453 0.580764 0.074902 0.360024
0 0.665588 0.642841 0.151434 0.704574
0 0.481868 0.717075 0.139616 0.559978
0 0.310892 0.548948 0.066465 0.328126
0 0.251917 0.549765 0.076588 0.388472
0 0.960460 0.655886 0.078519 0.688227
26 0.519665 0.612485 0.050373 0.140579
0 0.013440 0.669384 0.026788 0.381991
24 0.686943 0.533643 0.085164 0.266450
0 0.058463 0.529917 0.035040 0.236057
2 0.847774 0.481260 0.075731 0.122414
26 0.686409 0.531817 0.086159 0.270521
0 0.972185 0.654638 0.055172 0.690723
0 0.013808 0.583489 0.027492 0.194101
