0 0.782470 0.627460 0.158157 0.618751
0 0.589273 0.540120 0.113751 0.418736
24 0.490915 0.528702 0.076660 0.220632
0 0.488037 0.638289 0.140137 0.644745
0 0.344033 0.714542 0.116866 0.564318
0 0.069614 0.523402 0.066372 0.301105
0 0.695365 0.941010 0.154375 0.117981
0 0.110863 0.520280 0.049138 0.263760
0 0.011615 0.511648 0.023039 0.222060
26 0.796103 0.575034 0.041244 0.216492
26 0.385876 0.583191 0.051258 0.128833
0 0.647876 0.485893 0.080142 0.240533
26 0.380650 0.571620 0.063155 0.156945
25 0.851231 0.360858 0.121526 0.171360
