24 0.397120 0.510051 0.070232 0.203747
0 0.246668 0.692868 0.132429 0.531106
0 0.629145 0.582320 0.143660 0.529632
0 0.474355 0.890686 0.136883 0.216272
0 0.373017 0.611487 0.118029 0.596126
0 0.087452 0.509433 0.023187 0.106600
26 0.671033 0.504078 0.051370 0.178922
0 0.280105 0.607170 0.069584 0.453257
26 0.677571 0.522855 0.038396 0.139269
26 0.660889 0.498398 0.073611 0.186906
0 0.292649 0.597853 0.078499 0.463347
26 0.678180 0.546740 0.036378 0.091422
26 0.308463 0.566330 0.044977 0.095542
26 0.306716 0.550374 0.046372 0.135090
