0 0.220374 0.625189 0.098825 0.430741
2 0.905671 0.460940 0.188140 0.267288
0 0.427375 0.566900 0.108861 0.472490
0 0.775250 0.635776 0.146271 0.719381
0 0.533032 0.723692 0.109264 0.542058
0 0.016897 0.674362 0.033794 0.415262
0 0.128986 0.538750 0.047843 0.273911
0 0.461751 0.581460 0.051182 0.418614
26 0.599938 0.632411 0.092353 0.215194
0 0.301247 0.544340 0.030616 0.137194
26 0.815723 0.525494 0.086885 0.288536
0 0.099168 0.541583 0.044247 0.263232
0 0.590764 0.688969 0.124591 0.610538
24 0.815698 0.527318 0.087203 0.287924
24 0.295753 0.641431 0.042834 0.055661
26 0.603716 0.645048 0.065542 0.187980
0 0.601553 0.751175 0.100717 0.491431
