0 0.673861 0.641230 0.147814 0.706077
0 0.323657 0.553295 0.074831 0.334475
0 0.482144 0.719846 0.139025 0.556258
0 0.260907 0.551505 0.081800 0.386501
0 0.107945 0.586052 0.075453 0.354057
0 0.960226 0.658897 0.078967 0.682207
26 0.524296 0.612047 0.053457 0.140579
0 0.057872 0.530596 0.034519 0.240798
0 0.972050 0.659026 0.055685 0.680398
0 0.013938 0.646357 0.027701 0.433000
24 0.692110 0.530630 0.086124 0.268192
26 0.692314 0.529460 0.086391 0.273511
3 0.913367 0.582054 0.055866 0.184515
2 0.847383 0.478934 0.080927 0.124791
0 0.016054 0.562500 0.032059 0.245047
