0 0.716962 0.601927 0.112707 0.588577
0 0.292293 0.698268 0.101881 0.561277
0 0.057328 0.514022 0.041152 0.243972
0 0.441335 0.624813 0.106715 0.638049
0 0.033210 0.509862 0.066420 0.276225
0 0.630648 0.925439 0.139578 0.146479
26 0.746866 0.529568 0.038125 0.187737
24 0.462388 0.503914 0.071079 0.212889
0 0.126176 0.508952 0.024486 0.110209
25 0.759995 0.358257 0.111415 0.162822
0 0.469518 0.393487 0.049965 0.137253
62 0.558608 0.262035 0.121471 0.289417
26 0.738196 0.519991 0.056173 0.206736
0 0.323479 0.561221 0.074134 0.372751
0 0.319488 0.482327 0.064329 0.213612
26 0.357858 0.567729 0.045711 0.111568
26 0.748482 0.553447 0.035429 0.133303
26 0.351960 0.549264 0.058341 0.144384
0 0.333697 0.612253 0.092903 0.481703
24 0.296430 0.611920 0.084252 0.205680
62 0.204275 0.342504 0.293078 0.385286
