0 0.858664 0.801500 0.250988 0.384393
0 0.576059 0.565366 0.108510 0.504374
0 0.195363 0.666160 0.110096 0.497834
0 0.388359 0.865815 0.159973 0.265686
0 0.332920 0.543799 0.096292 0.467698
24 0.349354 0.493858 0.065125 0.188351
26 0.592292 0.503379 0.032414 0.160702
0 0.042051 0.493966 0.023022 0.100504
0 0.231903 0.546543 0.068182 0.337229
26 0.584231 0.492715 0.047780 0.184407
62 0.128526 0.358817 0.256476 0.392411
26 0.593370 0.527533 0.028706 0.100316
0 0.187492 0.408022 0.039078 0.096657
0 0.986214 0.471179 0.027061 0.201582
