24 0.391362 0.516845 0.071495 0.195713
0 0.623309 0.581050 0.119002 0.529513
0 0.244721 0.693436 0.122213 0.527106
0 0.451383 0.884004 0.132863 0.229325
0 0.371914 0.610662 0.105042 0.577864
26 0.648402 0.494810 0.073995 0.197900
0 0.279038 0.625305 0.088277 0.481191
26 0.298652 0.553724 0.051559 0.137011
0 0.081536 0.509323 0.023390 0.109048
0 0.297496 0.442914 0.041483 0.165834
26 0.666280 0.510892 0.037208 0.158354
24 0.235690 0.603864 0.074888 0.194930
26 0.667318 0.532388 0.034171 0.114828
26 0.301389 0.566737 0.044766 0.108469
