0 0.685939 0.640448 0.152278 0.713590
0 0.337779 0.557163 0.071571 0.342744
0 0.482880 0.712654 0.138157 0.566837
0 0.274541 0.558378 0.087198 0.399199
0 0.115402 0.587315 0.079004 0.363989
0 0.961664 0.657975 0.076179 0.674264
24 0.704949 0.531002 0.084562 0.274441
26 0.704061 0.530058 0.083397 0.272186
2 0.884870 0.443258 0.162444 0.236097
0 0.065171 0.529453 0.040454 0.245268
2 0.858112 0.478882 0.111179 0.161458
26 0.536203 0.606599 0.054152 0.143807
0 0.016677 0.595020 0.033318 0.193607
26 0.248137 0.612260 0.042211 0.064912
0 0.017036 0.538944 0.033916 0.306925
