0 0.291318 0.699798 0.107120 0.552059
0 0.714139 0.601816 0.110782 0.584952
0 0.627507 0.915206 0.137854 0.165662
0 0.056832 0.513799 0.044796 0.237896
0 0.029924 0.510581 0.059849 0.268479
26 0.743686 0.529996 0.034949 0.179140
26 0.731281 0.517768 0.061091 0.209741
0 0.437493 0.631077 0.105046 0.612378
0 0.124711 0.508295 0.023772 0.111376
25 0.753413 0.361321 0.107074 0.161691
0 0.318701 0.485440 0.063985 0.215004
0 0.327249 0.573206 0.084268 0.391042
26 0.357227 0.569318 0.047073 0.109094
0 0.416481 0.497205 0.064880 0.370075
26 0.743466 0.565066 0.034931 0.107591
26 0.352271 0.551447 0.058975 0.141444
24 0.458430 0.510692 0.070224 0.204802
