24 0.498723 0.526349 0.076803 0.230108
0 0.613287 0.537296 0.101428 0.436914
0 0.489358 0.636584 0.140266 0.650858
0 0.352304 0.712853 0.122509 0.569184
0 0.079276 0.527778 0.065559 0.311692
0 0.792517 0.631780 0.155250 0.626616
0 0.014142 0.534521 0.028285 0.272994
0 0.118689 0.523706 0.044295 0.262518
26 0.383765 0.574096 0.065423 0.174275
0 0.356499 0.473579 0.062461 0.176734
26 0.389676 0.586500 0.051870 0.144329
0 0.157027 0.521666 0.026242 0.124493
26 0.807776 0.573516 0.047634 0.219998
26 0.813468 0.571142 0.035567 0.196105
