0 0.717469 0.602751 0.112763 0.590982
0 0.036649 0.513513 0.073271 0.275342
0 0.445907 0.624456 0.106095 0.639149
0 0.293438 0.702192 0.097653 0.573138
0 0.058005 0.512956 0.040186 0.244348
0 0.630979 0.933712 0.142783 0.130783
24 0.464333 0.509289 0.071014 0.211428
26 0.741600 0.519806 0.057264 0.209009
0 0.126155 0.509288 0.024666 0.108961
26 0.749522 0.521363 0.040477 0.203168
0 0.475238 0.393544 0.052873 0.141732
26 0.358611 0.570880 0.044537 0.109188
25 0.767343 0.362437 0.110552 0.168700
26 0.751836 0.566470 0.035574 0.110340
26 0.344475 0.544164 0.074221 0.162370
0 0.334091 0.625754 0.096255 0.508814
62 0.557599 0.261850 0.118176 0.292684
24 0.300061 0.610712 0.078456 0.205679
0 0.319287 0.479969 0.064325 0.212054
62 0.204175 0.338372 0.293999 0.378496
