0 0.801579 0.635323 0.184313 0.724055
0 0.275574 0.639736 0.088483 0.479147
2 0.921799 0.473155 0.155727 0.274989
0 0.561011 0.731365 0.145736 0.528203
0 0.025008 0.591218 0.050016 0.302081
0 0.155315 0.543396 0.054951 0.275372
0 0.021366 0.689727 0.042731 0.442518
26 0.630922 0.639743 0.090396 0.255922
0 0.489079 0.549926 0.085363 0.460728
0 0.617587 0.683136 0.103913 0.601762
0 0.326440 0.549523 0.032981 0.143023
24 0.856393 0.532390 0.119330 0.295018
0 0.141787 0.548585 0.077501 0.270364
24 0.880471 0.553307 0.070693 0.259644
26 0.639225 0.647419 0.069281 0.226844
0 0.535280 0.426743 0.035236 0.112162
