0 0.721651 0.610333 0.127945 0.597172
0 0.447357 0.627953 0.118778 0.636629
0 0.301247 0.698774 0.094503 0.568235
0 0.039987 0.511397 0.076622 0.282225
26 0.755695 0.527909 0.049389 0.213718
24 0.469467 0.512639 0.075439 0.210656
0 0.067835 0.515895 0.039026 0.252863
0 0.633219 0.938527 0.146429 0.122736
0 0.494680 0.520258 0.071241 0.403644
24 0.308847 0.606584 0.074816 0.214314
0 0.128421 0.507845 0.024926 0.113706
25 0.785527 0.353628 0.111832 0.162767
26 0.744788 0.524491 0.071465 0.220582
0 0.323624 0.469904 0.066397 0.202598
26 0.360469 0.566585 0.047295 0.117853
26 0.761917 0.566952 0.035591 0.123103
0 0.341083 0.622415 0.089261 0.516918
