24 0.383148 0.511897 0.070360 0.196094
0 0.615763 0.574977 0.094632 0.529537
0 0.237861 0.692294 0.111203 0.519672
0 0.428972 0.886531 0.123373 0.226357
26 0.286841 0.565154 0.042421 0.103481
0 0.369270 0.602770 0.104080 0.573184
26 0.643740 0.498337 0.050375 0.183996
26 0.636395 0.490310 0.067159 0.198920
0 0.073652 0.503912 0.023686 0.111831
26 0.650471 0.514412 0.036702 0.147581
0 0.346319 0.500510 0.062301 0.360495
0 0.277921 0.437121 0.037021 0.162022
26 0.651210 0.541084 0.035616 0.106161
0 0.257265 0.485298 0.061016 0.209258
