24 0.493481 0.529506 0.077787 0.223234
0 0.491264 0.637449 0.140959 0.647463
0 0.599644 0.543101 0.104817 0.436297
0 0.786631 0.629273 0.160241 0.620050
0 0.350555 0.715487 0.119668 0.564847
0 0.073935 0.522653 0.062510 0.303661
0 0.114644 0.524887 0.046010 0.264941
0 0.012790 0.519858 0.025454 0.241814
26 0.387939 0.586801 0.050790 0.127437
0 0.705962 0.948191 0.155294 0.103008
0 0.154911 0.520036 0.025198 0.119700
26 0.381735 0.569743 0.065840 0.167907
0 0.352337 0.480918 0.065061 0.191429
26 0.802600 0.572399 0.043078 0.227837
0 0.012957 0.579080 0.025889 0.359529
