0 0.689922 0.637972 0.146913 0.716648
0 0.344708 0.556182 0.067776 0.345256
0 0.284280 0.559476 0.087918 0.400914
0 0.123820 0.586793 0.081143 0.367839
0 0.477946 0.712880 0.144184 0.563726
2 0.858672 0.479421 0.115130 0.160598
24 0.711965 0.535813 0.084997 0.262996
26 0.542631 0.611223 0.056356 0.138680
0 0.090051 0.526778 0.039300 0.254838
0 0.015859 0.594442 0.031718 0.186723
0 0.964496 0.662853 0.070481 0.674295
0 0.063987 0.530165 0.036968 0.247537
0 0.500812 0.680174 0.101023 0.597386
0 0.016628 0.551012 0.033142 0.268060
