0 0.418738 0.710100 0.123405 0.575009
0 0.928129 0.649415 0.141313 0.694774
0 0.193869 0.540119 0.087991 0.352498
0 0.589693 0.643051 0.116965 0.704823
0 0.048543 0.566964 0.061628 0.325997
0 0.245409 0.547936 0.080476 0.310795
24 0.625429 0.527582 0.080419 0.220290
26 0.960360 0.574931 0.047964 0.241929
0 0.963780 0.579705 0.072440 0.583022
26 0.960913 0.615613 0.041617 0.157306
0 0.384373 0.573184 0.068304 0.387336
26 0.941498 0.559019 0.083223 0.289306
26 0.472172 0.603040 0.027184 0.133087
0 0.956798 0.391046 0.062351 0.207597
