0 0.793222 0.636799 0.177815 0.721582
0 0.267866 0.643860 0.093569 0.472329
2 0.918983 0.472158 0.161236 0.273122
0 0.553662 0.730899 0.150181 0.526974
0 0.479200 0.567219 0.087541 0.500998
0 0.148619 0.540968 0.055605 0.279692
24 0.871557 0.550052 0.070038 0.251518
26 0.627876 0.632216 0.090112 0.247513
0 0.024309 0.592826 0.048452 0.299923
0 0.021449 0.679055 0.042898 0.457799
0 0.116383 0.547357 0.037786 0.259665
0 0.609984 0.683062 0.104020 0.604686
0 0.321901 0.549359 0.032261 0.140982
0 0.521628 0.434289 0.036205 0.134812
