2 0.894209 0.452992 0.210317 0.253709
0 0.499254 0.724250 0.183986 0.540416
0 0.736885 0.641140 0.144514 0.710327
0 0.174905 0.612582 0.083334 0.407187
0 0.020729 0.689971 0.041329 0.359972
0 0.420115 0.554092 0.095377 0.395412
0 0.361165 0.556201 0.107164 0.440382
0 0.113818 0.528555 0.048015 0.268130
24 0.770953 0.536526 0.086068 0.278861
0 0.085776 0.529378 0.034940 0.250318
0 0.285027 0.530168 0.032375 0.125409
0 0.549579 0.695241 0.114089 0.587964
26 0.593536 0.640041 0.065652 0.138379
0 0.529583 0.515362 0.085014 0.262262
26 0.116765 0.499880 0.039022 0.081387
25 0.012649 0.506186 0.025210 0.072078
