2 0.917056 0.469705 0.165282 0.275254
0 0.785143 0.635574 0.161473 0.722113
0 0.466540 0.567185 0.090406 0.486967
0 0.258759 0.639320 0.097932 0.472510
0 0.543505 0.729825 0.145510 0.532060
0 0.143995 0.539253 0.047574 0.277405
0 0.022175 0.591065 0.044351 0.292893
24 0.860287 0.546558 0.064469 0.244412
0 0.018249 0.671977 0.036498 0.451588
0 0.114192 0.544182 0.044211 0.261161
26 0.627883 0.644626 0.074242 0.208078
0 0.317207 0.546042 0.030577 0.138756
26 0.450142 0.635794 0.034668 0.088297
0 0.599212 0.683107 0.095030 0.609921
26 0.629100 0.670083 0.067606 0.153250
0 0.506060 0.455288 0.034830 0.182276
