0 0.746376 0.640488 0.143773 0.709208
2 0.894867 0.456239 0.208707 0.252523
0 0.494831 0.722858 0.157713 0.543440
0 0.178577 0.613321 0.083868 0.412423
0 0.378600 0.560465 0.115255 0.443507
0 0.429886 0.569353 0.090665 0.386125
0 0.021803 0.659962 0.043607 0.427537
0 0.116055 0.529862 0.053704 0.276558
24 0.777639 0.539847 0.090068 0.275277
2 0.970191 0.465666 0.059090 0.262685
0 0.558528 0.691335 0.117472 0.597966
26 0.600133 0.629368 0.071155 0.175342
0 0.289086 0.536749 0.029865 0.131616
0 0.088115 0.534237 0.028288 0.250429
26 0.095281 0.538346 0.024942 0.080667
26 0.120221 0.484169 0.041279 0.128905
