0 0.717474 0.606075 0.119503 0.594372
0 0.037087 0.513469 0.072702 0.273530
0 0.448118 0.624274 0.106782 0.637713
0 0.295899 0.700917 0.092388 0.565954
26 0.753403 0.520601 0.041374 0.202923
0 0.061138 0.514656 0.038707 0.256820
0 0.631733 0.938015 0.142975 0.122385
26 0.742438 0.517157 0.064565 0.213737
0 0.126922 0.507445 0.024543 0.112465
24 0.466560 0.513969 0.072689 0.202451
25 0.776501 0.355864 0.112997 0.164903
62 0.561683 0.257057 0.121966 0.291951
26 0.358947 0.567474 0.045187 0.109832
62 0.205424 0.342952 0.294508 0.390169
0 0.320831 0.466228 0.064923 0.192791
24 0.303132 0.606493 0.073991 0.207055
0 0.481116 0.522371 0.056849 0.409313
26 0.756097 0.561223 0.036165 0.119610
26 0.347107 0.545930 0.071054 0.157634
