2 0.903286 0.460833 0.192702 0.265068
0 0.209173 0.623250 0.094650 0.427102
0 0.418780 0.571057 0.109698 0.463072
0 0.770534 0.636257 0.144676 0.716560
0 0.524867 0.722172 0.119393 0.540212
0 0.456186 0.583766 0.059928 0.408598
0 0.018741 0.677990 0.037482 0.405532
0 0.128667 0.539010 0.047282 0.273578
0 0.300347 0.546338 0.030021 0.139770
24 0.809966 0.532619 0.082602 0.285489
26 0.809344 0.531937 0.083510 0.282430
0 0.588551 0.690862 0.136358 0.606184
0 0.098056 0.504088 0.034701 0.181211
0 0.601501 0.754111 0.104419 0.483473
26 0.592802 0.633015 0.084749 0.208705
26 0.294940 0.641169 0.042968 0.053368
0 0.099496 0.541670 0.037587 0.261885
