0 0.351002 0.711348 0.138582 0.572485
0 0.477499 0.639728 0.129473 0.661694
0 0.634212 0.535426 0.087040 0.455617
0 0.082675 0.529193 0.061806 0.314434
0 0.798794 0.627122 0.135328 0.626158
0 0.130999 0.519085 0.057709 0.271311
0 0.014400 0.537145 0.028799 0.283379
24 0.505655 0.524307 0.075517 0.224729
0 0.824670 0.619902 0.079261 0.554744
26 0.825587 0.562953 0.041182 0.204493
0 0.832312 0.626523 0.061331 0.494054
0 0.686973 0.503617 0.062735 0.276679
62 0.241095 0.353145 0.302023 0.406442
0 0.808375 0.613147 0.074542 0.546155
