0 0.266292 0.706084 0.127624 0.556822
0 0.695251 0.595119 0.130974 0.556854
24 0.432830 0.515413 0.070642 0.202367
26 0.708711 0.532739 0.037077 0.217103
0 0.587115 0.892308 0.129933 0.213319
0 0.031945 0.506363 0.040205 0.228182
0 0.325004 0.627919 0.100361 0.496554
0 0.410913 0.624836 0.142274 0.625371
26 0.695052 0.529356 0.064767 0.225746
0 0.111434 0.508047 0.023936 0.111410
0 0.010863 0.508368 0.021657 0.244573
62 0.190231 0.357885 0.286963 0.406116
25 0.708044 0.361695 0.100157 0.151845
26 0.710515 0.570415 0.033943 0.154801
