0 0.356436 0.554892 0.065127 0.357653
0 0.462682 0.712534 0.141439 0.565223
0 0.689532 0.636282 0.122870 0.717286
0 0.294863 0.557684 0.085107 0.418932
0 0.131305 0.593366 0.085932 0.384748
2 0.891659 0.439841 0.199114 0.232235
24 0.721995 0.530312 0.087428 0.270673
0 0.012370 0.670471 0.024741 0.368599
0 0.096507 0.523963 0.035845 0.263321
0 0.064945 0.530412 0.036374 0.244709
26 0.553433 0.602825 0.055790 0.148510
0 0.503991 0.683718 0.087375 0.599685
3 0.953992 0.581946 0.067192 0.193784
0 0.539279 0.750367 0.078479 0.485399
0 0.989225 0.691417 0.021069 0.612967
