0 0.809409 0.791205 0.256920 0.402286
0 0.571302 0.567023 0.108223 0.498984
0 0.190798 0.669282 0.114881 0.501990
24 0.345533 0.489227 0.064968 0.194244
0 0.384526 0.862391 0.167642 0.274739
0 0.963524 0.661808 0.072537 0.673561
0 0.328676 0.535178 0.092973 0.448409
26 0.575815 0.489761 0.058120 0.193131
26 0.585097 0.496988 0.038139 0.170035
0 0.041049 0.493108 0.023399 0.101242
26 0.588913 0.517358 0.030630 0.133146
0 0.180734 0.412192 0.042486 0.113026
0 0.228913 0.607091 0.069861 0.454326
62 0.126946 0.360155 0.253048 0.390481
0 0.972815 0.639480 0.054096 0.625591
26 0.589311 0.535666 0.029214 0.086224
0 0.226225 0.546185 0.065169 0.332251
26 0.242803 0.548655 0.036124 0.131577
