0 0.690012 0.637335 0.134185 0.718776
0 0.349843 0.555367 0.065680 0.350295
0 0.287083 0.563479 0.082792 0.406507
0 0.471289 0.712448 0.144099 0.565412
0 0.130549 0.590298 0.077016 0.381548
24 0.714943 0.535226 0.091533 0.263816
2 0.891028 0.437818 0.188215 0.233512
26 0.549730 0.610997 0.053456 0.132207
0 0.092050 0.529061 0.046214 0.259870
0 0.014714 0.588718 0.029428 0.184962
2 0.857926 0.480108 0.121896 0.155005
0 0.065400 0.530600 0.035344 0.242214
0 0.094583 0.440021 0.029796 0.091664
0 0.012894 0.659867 0.025723 0.387098
0 0.500722 0.680083 0.087558 0.595055
