0 0.636012 0.698627 0.219870 0.586779
0 0.882790 0.664695 0.158510 0.657336
0 0.400558 0.765362 0.192952 0.460122
0 0.253440 0.820405 0.149394 0.359189
0 0.053595 0.855510 0.107189 0.288240
0 0.459403 0.708732 0.113475 0.554865
0 0.160446 0.810517 0.094577 0.366147
0 0.060491 0.706206 0.114313 0.392331
0 0.951357 0.890746 0.096247 0.209652
0 0.153044 0.622527 0.104187 0.279076
0 0.550066 0.612040 0.075226 0.375554
0 0.340693 0.598784 0.079649 0.297341
0 0.253261 0.533223 0.075303 0.260022
0 0.190182 0.555376 0.058525 0.194725
