0 0.626546 0.703270 0.169352 0.576653
0 0.758160 0.662795 0.126525 0.594865
0 0.867640 0.778708 0.194547 0.434924
0 0.319247 0.759160 0.157253 0.469571
0 0.193244 0.821022 0.128641 0.357000
0 0.471403 0.718704 0.119627 0.544025
0 0.973988 0.720691 0.051515 0.548454
0 0.382516 0.725351 0.114462 0.527590
0 0.050464 0.752672 0.099476 0.469003
0 0.034983 0.838384 0.069825 0.320131
26 0.425856 0.710309 0.076704 0.265482
24 0.490713 0.651933 0.068432 0.241291
0 0.137105 0.619588 0.083688 0.237871
0 0.532856 0.707821 0.081438 0.546774
0 0.237794 0.592487 0.068552 0.324796
