0 0.643607 0.695613 0.222357 0.590727
0 0.913287 0.663189 0.171730 0.667800
0 0.436594 0.764105 0.203607 0.462164
0 0.057511 0.855703 0.114681 0.288505
0 0.289701 0.824472 0.159732 0.349751
0 0.185665 0.817521 0.111679 0.360604
0 0.161634 0.621215 0.108899 0.290620
0 0.461732 0.614026 0.118021 0.372598
0 0.257432 0.546479 0.067721 0.304003
0 0.068999 0.697198 0.117242 0.392883
0 0.347213 0.613256 0.091296 0.346737
0 0.559279 0.605410 0.068038 0.375207
0 0.074940 0.755611 0.130403 0.485384
0 0.559588 0.524733 0.068374 0.209475
