0 0.441513 0.733346 0.158538 0.517844
0 0.838076 0.804074 0.118527 0.380541
0 0.702801 0.744801 0.170180 0.494518
0 0.125715 0.786783 0.143776 0.414561
0 0.055413 0.819529 0.110657 0.355229
0 0.886996 0.712025 0.123623 0.560337
0 0.308153 0.743223 0.108938 0.491152
0 0.237717 0.805065 0.144067 0.384565
0 0.965850 0.784493 0.067787 0.431015
0 0.373789 0.572300 0.059097 0.216647
0 0.591668 0.939373 0.049942 0.121255
0 0.206764 0.575025 0.075716 0.147718
0 0.122461 0.533236 0.064519 0.146390
0 0.040150 0.536485 0.024705 0.103868
