0 0.229926 0.771186 0.130640 0.450232
0 0.887471 0.739618 0.213160 0.505414
0 0.638296 0.832408 0.187807 0.329364
0 0.133624 0.803223 0.118602 0.384479
0 0.376605 0.745568 0.112991 0.490169
0 0.574581 0.616821 0.155084 0.355191
0 0.443441 0.875019 0.154559 0.249465
0 0.454453 0.569842 0.061957 0.195678
0 0.620895 0.499137 0.074549 0.176640
0 0.028282 0.774161 0.056521 0.443647
0 0.403375 0.571032 0.070744 0.171605
0 0.486886 0.552700 0.069670 0.180438
0 0.501019 0.825310 0.154903 0.345471
0 0.153683 0.597501 0.054351 0.187678
0 0.088941 0.643601 0.066244 0.236866
0 0.989300 0.807674 0.020989 0.378659
