0 0.798373 0.799922 0.164681 0.393312
0 0.080684 0.818466 0.154905 0.363069
0 0.633371 0.719871 0.074414 0.517652
0 0.437581 0.803730 0.143558 0.387311
0 0.495698 0.704058 0.078095 0.460789
0 0.749948 0.812061 0.099964 0.369845
0 0.364533 0.674511 0.086666 0.332925
0 0.698094 0.725686 0.097071 0.482143
0 0.579047 0.555613 0.063214 0.220479
0 0.275991 0.875372 0.135380 0.249255
0 0.015321 0.588133 0.030643 0.233595
0 0.557341 0.751965 0.099815 0.401285
0 0.323383 0.800973 0.148294 0.388696
0 0.551085 0.896419 0.079283 0.205997
0 0.798073 0.593545 0.043503 0.118323
