0 0.830819 0.741904 0.192898 0.500217
0 0.960950 0.814187 0.077617 0.368533
0 0.548923 0.720149 0.190314 0.534121
0 0.509557 0.820762 0.143611 0.353048
0 0.182450 0.759851 0.115342 0.462929
0 0.270167 0.840347 0.184577 0.313274
0 0.099679 0.805657 0.111308 0.386467
0 0.379757 0.794160 0.144253 0.404935
0 0.690314 0.957994 0.052297 0.084011
0 0.970256 0.591230 0.058823 0.342861
0 0.024335 0.769673 0.048670 0.450917
0 0.418287 0.729862 0.070336 0.259300
0 0.129564 0.572936 0.054515 0.168889
0 0.224739 0.609634 0.070582 0.196500
0 0.445818 0.568424 0.073752 0.225254
