0 0.219852 0.835337 0.183884 0.326805
0 0.865089 0.756473 0.102065 0.480475
0 0.751038 0.731845 0.130346 0.526697
0 0.687695 0.647602 0.079539 0.385466
0 0.483139 0.828752 0.210989 0.338493
0 0.020040 0.579972 0.040057 0.243689
0 0.130281 0.746986 0.095949 0.493631
0 0.386206 0.748494 0.102545 0.481334
0 0.631864 0.556543 0.072855 0.240908
0 0.083000 0.616799 0.041800 0.252390
0 0.665736 0.908043 0.212340 0.182308
0 0.590214 0.698974 0.073979 0.282438
0 0.522655 0.577356 0.098212 0.235213
0 0.290052 0.733483 0.114252 0.513950
0 0.215163 0.561758 0.061682 0.140514
0 0.580960 0.505172 0.057405 0.126722
26 0.150380 0.703344 0.056803 0.221984
0 0.164806 0.606377 0.050622 0.209636
0 0.314816 0.737295 0.164048 0.508697
