0 0.946925 0.809003 0.105506 0.365876
0 0.531198 0.724601 0.182618 0.532040
0 0.806693 0.745883 0.190891 0.494111
0 0.207967 0.836555 0.182954 0.319946
0 0.445887 0.821659 0.149105 0.346743
0 0.326461 0.793033 0.136719 0.404566
0 0.081967 0.804955 0.109706 0.387715
0 0.956376 0.603524 0.086409 0.359257
0 0.433484 0.560485 0.065943 0.212385
0 0.164910 0.724015 0.111044 0.398759
0 0.221564 0.594751 0.072591 0.178587
0 0.672675 0.954711 0.054541 0.090242
0 0.374343 0.715233 0.058477 0.259604
0 0.954135 0.715039 0.091246 0.565510
0 0.345311 0.542422 0.089404 0.137949
