0 0.891653 0.740540 0.214973 0.505168
0 0.244354 0.771774 0.140454 0.447478
0 0.138097 0.804405 0.121080 0.381593
0 0.385043 0.746806 0.127943 0.495737
0 0.584506 0.641942 0.154433 0.410418
0 0.668056 0.839778 0.192546 0.320444
0 0.454758 0.610285 0.060763 0.267221
0 0.489888 0.564863 0.069429 0.202512
0 0.030679 0.767289 0.061357 0.455799
0 0.634187 0.506138 0.081346 0.191472
0 0.511139 0.831248 0.191216 0.330393
26 0.421290 0.718558 0.071144 0.237943
0 0.407408 0.583005 0.064789 0.169172
0 0.156637 0.589570 0.058396 0.166234
0 0.096127 0.637704 0.067784 0.226441
