0 0.507248 0.720312 0.187840 0.542706
0 0.930067 0.806025 0.124196 0.371083
0 0.782533 0.742804 0.193214 0.499503
0 0.162746 0.840963 0.168280 0.313507
0 0.948754 0.709235 0.101972 0.565889
0 0.273721 0.803718 0.134254 0.392564
0 0.389536 0.828744 0.147342 0.334077
0 0.065257 0.800523 0.099584 0.390346
0 0.420609 0.574982 0.060601 0.233720
0 0.653531 0.951399 0.051085 0.096343
0 0.343982 0.571644 0.111101 0.200832
0 0.214652 0.592002 0.070721 0.179681
0 0.153043 0.626055 0.117177 0.207621
26 0.727745 0.914811 0.102143 0.170377
0 0.152667 0.682742 0.115754 0.327587
0 0.329036 0.708214 0.087210 0.260906
