0 0.764405 0.796233 0.175102 0.402453
0 0.071286 0.817513 0.142383 0.358054
0 0.407862 0.809798 0.128963 0.370458
0 0.628275 0.710319 0.077317 0.497187
0 0.303142 0.811687 0.139524 0.368825
0 0.488117 0.733948 0.082866 0.511855
0 0.228932 0.873787 0.143309 0.252427
0 0.573325 0.551181 0.057770 0.214986
0 0.014286 0.586646 0.028573 0.232049
0 0.553198 0.738998 0.098481 0.376976
0 0.716074 0.806463 0.093753 0.344766
0 0.344647 0.673839 0.083968 0.335398
0 0.549186 0.894825 0.086250 0.210350
0 0.695945 0.638014 0.100714 0.298789
