0 0.625513 0.695956 0.206184 0.593795
0 0.821378 0.667523 0.129061 0.645947
0 0.354361 0.765494 0.171521 0.458047
0 0.216116 0.807772 0.143528 0.382879
0 0.455002 0.715996 0.119191 0.556674
0 0.042769 0.845630 0.085537 0.305964
0 0.536801 0.638553 0.078061 0.428171
0 0.051382 0.745940 0.102764 0.456348
0 0.137586 0.622412 0.095691 0.244749
0 0.142060 0.810488 0.069531 0.363957
0 0.942171 0.843500 0.115153 0.306181
0 0.237258 0.569397 0.069338 0.304028
24 0.472189 0.656824 0.076113 0.241275
0 0.084724 0.567299 0.056549 0.189714
