0 0.858052 0.757205 0.104319 0.478740
0 0.199365 0.836236 0.181034 0.326088
0 0.435838 0.817235 0.212208 0.356627
0 0.755055 0.734215 0.098552 0.529187
0 0.596976 0.885853 0.206211 0.225336
0 0.019128 0.579525 0.038257 0.241781
0 0.974533 0.814783 0.050422 0.362827
0 0.287482 0.736461 0.123807 0.517215
0 0.123280 0.707623 0.084770 0.415714
0 0.683912 0.713101 0.078836 0.521664
0 0.082770 0.614077 0.040697 0.250056
0 0.378902 0.739210 0.094311 0.464845
0 0.502578 0.621522 0.093323 0.307198
0 0.610483 0.731891 0.083023 0.160736
0 0.630111 0.575104 0.069961 0.277411
0 0.576575 0.667594 0.063458 0.230115
0 0.214568 0.585484 0.056820 0.194312
