0 0.610453 0.746621 0.157939 0.495755
0 0.733057 0.798952 0.107474 0.395593
0 0.882432 0.781521 0.146026 0.426961
0 0.370043 0.734474 0.190442 0.517283
0 0.246999 0.743565 0.108301 0.512870
0 0.039341 0.796741 0.078660 0.398651
0 0.103921 0.795432 0.112508 0.402474
0 0.753512 0.703010 0.136429 0.533250
0 0.977101 0.711335 0.045339 0.572705
0 0.881322 0.557238 0.069630 0.284121
0 0.940763 0.666838 0.063876 0.557870
0 0.509907 0.930727 0.052282 0.132585
0 0.954396 0.680958 0.084461 0.553624
0 0.048634 0.617170 0.060723 0.215094
0 0.126001 0.573724 0.051272 0.186144
0 0.295840 0.540272 0.067900 0.180785
