0 0.620483 0.703550 0.172156 0.575816
0 0.906405 0.775064 0.186929 0.440827
0 0.771161 0.675312 0.121592 0.627681
0 0.327094 0.761341 0.165848 0.468182
0 0.461318 0.719654 0.118141 0.548458
0 0.193354 0.818600 0.130778 0.356915
0 0.530917 0.716220 0.079771 0.544568
26 0.420260 0.715327 0.072850 0.272616
0 0.034729 0.846779 0.069367 0.302851
0 0.049003 0.751322 0.098007 0.465413
0 0.130342 0.811506 0.070118 0.361183
0 0.376300 0.727482 0.107570 0.524394
24 0.484489 0.661991 0.068582 0.237068
0 0.133223 0.620278 0.090001 0.238985
0 0.233559 0.561123 0.066569 0.264507
