0 0.221003 0.766167 0.131179 0.458946
0 0.874946 0.739415 0.204199 0.504625
0 0.599710 0.828282 0.176005 0.338103
0 0.125554 0.803802 0.119348 0.388172
0 0.576592 0.595217 0.144980 0.302734
0 0.982937 0.811225 0.033640 0.372100
0 0.029381 0.771275 0.058763 0.452268
0 0.366574 0.731677 0.097507 0.462090
0 0.470185 0.815681 0.149988 0.365542
0 0.606318 0.498752 0.074187 0.170712
0 0.145619 0.582972 0.064344 0.187285
0 0.399451 0.864026 0.153223 0.269926
0 0.453778 0.554495 0.069324 0.177980
0 0.721503 0.961783 0.050642 0.076161
0 0.433586 0.854474 0.222845 0.291053
0 0.080698 0.713765 0.062684 0.383718
