0 0.808386 0.803214 0.123570 0.383027
0 0.421412 0.733925 0.154414 0.518818
0 0.671177 0.749347 0.168174 0.489978
0 0.943576 0.783018 0.111951 0.427372
0 0.288768 0.738609 0.119937 0.508465
0 0.075043 0.791534 0.133791 0.410205
0 0.193442 0.809203 0.132570 0.377898
0 0.830055 0.710609 0.161015 0.559218
0 0.855293 0.714328 0.110732 0.571344
0 0.966731 0.554378 0.065691 0.295359
0 0.361421 0.576772 0.058781 0.217319
0 0.203272 0.579487 0.060869 0.151405
0 0.045423 0.813427 0.090847 0.363759
0 0.567861 0.934918 0.051351 0.123770
