0 0.509927 0.747790 0.129140 0.493558
0 0.312348 0.738228 0.132435 0.510031
0 0.946477 0.696122 0.106078 0.479778
0 0.617043 0.798864 0.101646 0.397204
0 0.208329 0.741854 0.106668 0.503203
0 0.869403 0.821752 0.217620 0.347670
0 0.740894 0.788140 0.130680 0.410819
0 0.662891 0.691898 0.095149 0.486904
0 0.107733 0.604676 0.045643 0.237883
0 0.855399 0.568424 0.092190 0.231081
0 0.024080 0.792023 0.047876 0.403152
0 0.798164 0.562797 0.074854 0.306804
0 0.750730 0.527299 0.052875 0.194572
0 0.044452 0.766871 0.080147 0.461270
0 0.049777 0.551187 0.048706 0.187825
0 0.683359 0.948510 0.066374 0.101286
