0 0.295095 0.736659 0.138363 0.514866
0 0.858965 0.728038 0.160268 0.532070
0 0.946696 0.754364 0.071306 0.482263
0 0.587740 0.613201 0.081068 0.307426
0 0.164875 0.742049 0.106538 0.505264
0 0.425871 0.749371 0.101079 0.485279
0 0.095391 0.605551 0.042333 0.241177
0 0.771206 0.672583 0.096436 0.449824
0 0.535724 0.886027 0.138442 0.226144
0 0.681924 0.778746 0.197715 0.430541
0 0.031990 0.588516 0.048315 0.259338
0 0.469811 0.797010 0.139457 0.386984
0 0.019819 0.746181 0.039638 0.495570
0 0.230854 0.684407 0.057571 0.411165
0 0.654319 0.779941 0.130680 0.436070
26 0.182835 0.697468 0.064008 0.229283
0 0.557160 0.720832 0.084853 0.256394
0 0.718209 0.655450 0.054507 0.460037
0 0.680047 0.564532 0.057042 0.244469
