0 0.570469 0.782148 0.174372 0.427979
0 0.089100 0.837298 0.177696 0.325404
0 0.157734 0.797649 0.144845 0.398921
0 0.306235 0.746454 0.100694 0.507092
0 0.747009 0.741424 0.093097 0.471044
0 0.663875 0.740542 0.117479 0.503958
0 0.397850 0.793914 0.089700 0.407693
0 0.257881 0.816688 0.114369 0.363874
0 0.451170 0.727782 0.082122 0.509296
0 0.233439 0.650342 0.087968 0.305796
0 0.518602 0.530530 0.067683 0.166910
0 0.090208 0.628174 0.063891 0.244641
0 0.514804 0.677791 0.078135 0.269421
0 0.569434 0.550968 0.056966 0.174528
