0 0.291434 0.737658 0.149782 0.512310
0 0.817940 0.728038 0.166361 0.533487
0 0.158572 0.738745 0.103274 0.510664
0 0.932293 0.747619 0.069643 0.461386
0 0.417651 0.683322 0.099111 0.347755
0 0.096708 0.604945 0.043276 0.241011
0 0.753175 0.666071 0.084276 0.429858
0 0.031677 0.585377 0.048804 0.250050
26 0.177781 0.690723 0.063230 0.237549
0 0.538026 0.727616 0.082727 0.267434
0 0.017498 0.760368 0.034996 0.461506
0 0.582683 0.617645 0.081427 0.317970
0 0.658935 0.776507 0.166012 0.436491
0 0.947620 0.843989 0.104247 0.311307
0 0.230974 0.691862 0.060294 0.427610
0 0.435740 0.796304 0.140827 0.383636
0 0.482314 0.886541 0.135523 0.226603
0 0.711536 0.635929 0.063034 0.440592
0 0.538799 0.782619 0.086018 0.377657
0 0.062302 0.549970 0.030918 0.167694
0 0.186897 0.508449 0.035887 0.120237
0 0.186875 0.536769 0.038191 0.175950
0 0.969226 0.838781 0.061162 0.313808
0 0.981523 0.634696 0.036457 0.198888
