0 0.494642 0.721220 0.191940 0.542646
0 0.918422 0.806661 0.124456 0.377876
0 0.777074 0.744166 0.180433 0.498234
0 0.945723 0.711711 0.107938 0.565827
0 0.248580 0.807915 0.137993 0.384169
0 0.140976 0.843581 0.168227 0.310147
0 0.364962 0.832917 0.152812 0.329098
0 0.644670 0.948602 0.050732 0.100740
0 0.054858 0.798611 0.096842 0.388416
0 0.412028 0.579215 0.056147 0.234764
0 0.143789 0.616713 0.110341 0.180485
0 0.342755 0.598936 0.114484 0.240109
0 0.308856 0.708869 0.080490 0.254592
0 0.217740 0.576198 0.077514 0.154040
