0 0.309713 0.743786 0.127658 0.502003
0 0.497325 0.747961 0.130382 0.494958
0 0.607606 0.796266 0.104509 0.400959
0 0.203328 0.740576 0.104776 0.505731
0 0.827408 0.821678 0.244784 0.345702
0 0.652693 0.684698 0.090497 0.469078
0 0.104944 0.604443 0.043400 0.237166
0 0.922393 0.699129 0.150697 0.485859
0 0.849587 0.672673 0.101769 0.468776
0 0.713333 0.765567 0.094690 0.370330
0 0.036677 0.769552 0.073355 0.451222
0 0.738835 0.525307 0.055182 0.188329
0 0.782462 0.539356 0.065512 0.259024
0 0.021882 0.774029 0.043410 0.437149
0 0.044526 0.563198 0.050669 0.215559
0 0.673728 0.945154 0.066792 0.107439
