0 0.397516 0.731757 0.162674 0.522140
0 0.779271 0.801143 0.117772 0.391836
0 0.652120 0.747963 0.165116 0.490219
0 0.923459 0.787376 0.142185 0.413702
0 0.061330 0.794261 0.122661 0.403750
0 0.269111 0.739512 0.114382 0.507157
0 0.153994 0.815896 0.122096 0.362226
0 0.802041 0.706565 0.141776 0.537995
0 0.934801 0.566740 0.073318 0.299519
0 0.982894 0.627007 0.033751 0.502851
0 0.545654 0.936337 0.051427 0.127325
0 0.082296 0.645328 0.070580 0.257121
0 0.345192 0.557484 0.054813 0.173851
0 0.317990 0.541725 0.052701 0.167673
26 0.214843 0.937419 0.090685 0.125161
0 0.597556 0.894501 0.069274 0.208488
0 0.192547 0.690947 0.059611 0.387984
