0 0.603659 0.746575 0.161182 0.497060
0 0.723442 0.798610 0.104375 0.397927
0 0.360463 0.736052 0.201514 0.514422
0 0.871972 0.779599 0.145742 0.428032
0 0.242899 0.749042 0.103385 0.501915
0 0.741061 0.703883 0.139700 0.529662
0 0.969860 0.717761 0.059806 0.563984
0 0.096774 0.794191 0.107958 0.408238
0 0.032645 0.790440 0.065252 0.413582
0 0.935122 0.662596 0.070091 0.520280
0 0.871995 0.556484 0.072792 0.284298
0 0.126638 0.583706 0.052170 0.203267
26 0.150071 0.898192 0.075610 0.158406
0 0.044302 0.618638 0.059485 0.210285
0 0.503570 0.926037 0.049949 0.143607
