0 0.956582 0.672984 0.086438 0.600018
0 0.070309 0.793185 0.140617 0.404472
0 0.283751 0.736404 0.105813 0.509949
0 0.361391 0.792595 0.131015 0.406513
0 0.618638 0.738138 0.129966 0.504595
0 0.689861 0.744835 0.076653 0.437516
0 0.413918 0.709807 0.077644 0.505391
0 0.534078 0.704306 0.081250 0.470972
0 0.147336 0.808789 0.111147 0.372591
0 0.959814 0.248393 0.079825 0.275858
0 0.482520 0.737235 0.089631 0.400032
0 0.477275 0.875372 0.073447 0.246953
0 0.087567 0.630446 0.068082 0.232678
0 0.187989 0.741715 0.055728 0.426397
39 0.939597 0.757491 0.021102 0.086273
0 0.165905 0.736641 0.091497 0.467486
