0 0.461600 0.728976 0.175805 0.528208
0 0.876814 0.805496 0.120127 0.385429
0 0.739298 0.745280 0.176861 0.496054
0 0.923421 0.716037 0.118959 0.560041
0 0.302688 0.816579 0.168096 0.366843
0 0.178239 0.804137 0.132955 0.388019
0 0.083543 0.834026 0.167086 0.323988
0 0.618024 0.945362 0.050610 0.106275
0 0.396263 0.575972 0.058761 0.210015
0 0.328940 0.710360 0.100989 0.450488
24 0.283069 0.879770 0.106162 0.209520
0 0.110351 0.614227 0.064490 0.155256
0 0.136863 0.538484 0.060840 0.163857
0 0.210312 0.599269 0.074028 0.205402
