0 0.839742 0.797479 0.169591 0.398959
0 0.100755 0.811167 0.157707 0.368405
0 0.704799 0.736481 0.105440 0.521665
0 0.455855 0.805667 0.151849 0.379110
0 0.641854 0.716400 0.073501 0.519570
0 0.791584 0.807557 0.102983 0.367595
0 0.501477 0.665470 0.077670 0.391140
0 0.319770 0.870773 0.138535 0.257434
0 0.015421 0.585122 0.030842 0.234730
0 0.282430 0.633764 0.079007 0.269874
0 0.378953 0.666339 0.103993 0.329323
0 0.564825 0.745844 0.102737 0.401367
0 0.557852 0.896904 0.073178 0.205340
0 0.588523 0.555474 0.061036 0.222683
0 0.277203 0.803592 0.207042 0.388041
0 0.588400 0.645271 0.062157 0.400417
0 0.160888 0.612245 0.054140 0.253941
0 0.123229 0.636773 0.109336 0.277481
0 0.283233 0.871515 0.211492 0.256971
0 0.808360 0.590940 0.048656 0.121803
