0 0.946560 0.734981 0.106256 0.518838
0 0.295192 0.768685 0.148777 0.455065
0 0.693173 0.547385 0.107024 0.290116
0 0.177772 0.815843 0.128404 0.358769
0 0.404796 0.741290 0.132133 0.510920
0 0.838102 0.854210 0.149938 0.291193
26 0.445556 0.716500 0.068864 0.257073
0 0.621579 0.682859 0.156227 0.501061
0 0.504632 0.730876 0.097749 0.523945
0 0.050714 0.771959 0.096168 0.453719
0 0.679085 0.841644 0.195831 0.309626
0 0.223121 0.626374 0.064053 0.233632
0 0.434289 0.572061 0.062112 0.167198
0 0.525929 0.554607 0.070668 0.192448
