0 0.691143 0.796120 0.168912 0.404248
0 0.053944 0.813204 0.107889 0.367348
0 0.791313 0.749217 0.076689 0.471773
0 0.351778 0.814481 0.115331 0.360777
0 0.246034 0.811848 0.134016 0.373551
0 0.605867 0.652824 0.061576 0.376240
0 0.166543 0.872987 0.171557 0.254026
0 0.475946 0.720041 0.082501 0.483830
0 0.544106 0.731869 0.103245 0.362997
0 0.120463 0.646499 0.104581 0.294071
0 0.420160 0.797109 0.078328 0.404795
0 0.534101 0.893481 0.083603 0.213038
0 0.299660 0.666942 0.085156 0.347551
0 0.558707 0.552305 0.053956 0.209497
0 0.654720 0.665979 0.099132 0.351857
