0 0.331209 0.858393 0.177994 0.281444
0 0.263750 0.740689 0.169957 0.499828
0 0.891479 0.754737 0.077889 0.477143
0 0.143509 0.746332 0.106199 0.502233
0 0.732816 0.603733 0.084037 0.306594
0 0.511172 0.793096 0.114983 0.410460
0 0.024792 0.584780 0.049584 0.252043
0 0.828678 0.838954 0.126876 0.317115
0 0.560699 0.604767 0.079554 0.291595
0 0.411037 0.751137 0.107796 0.486833
0 0.626857 0.729683 0.150757 0.527798
0 0.713180 0.857157 0.180975 0.283309
0 0.808458 0.613536 0.096218 0.308920
0 0.089837 0.610106 0.041668 0.237144
26 0.159706 0.698187 0.062256 0.225200
0 0.060530 0.549429 0.029261 0.165354
0 0.214748 0.650201 0.049453 0.326229
