0 0.303388 0.737933 0.127724 0.514512
0 0.461678 0.749238 0.120464 0.488835
0 0.182631 0.742487 0.110130 0.505365
0 0.875763 0.696521 0.141962 0.466369
0 0.587125 0.799718 0.149554 0.392345
0 0.805607 0.687001 0.106420 0.479009
0 0.961871 0.797499 0.075206 0.384398
0 0.036379 0.584260 0.051472 0.258828
0 0.094525 0.608285 0.046848 0.241734
0 0.611937 0.544272 0.084313 0.179995
0 0.023828 0.768754 0.047656 0.446890
0 0.547330 0.732684 0.065283 0.282255
0 0.782057 0.886758 0.315833 0.212426
26 0.206105 0.699450 0.064518 0.236373
0 0.731128 0.614095 0.073221 0.377285
0 0.695571 0.689632 0.087579 0.218570
0 0.974295 0.578446 0.050475 0.210840
0 0.693967 0.518584 0.057808 0.169457
0 0.704254 0.888841 0.160221 0.221853
0 0.243283 0.620971 0.057266 0.278030
0 0.199989 0.525674 0.038091 0.146472
26 0.206104 0.742061 0.064426 0.149050
0 0.070382 0.549216 0.028698 0.173844
