0 0.642179 0.696698 0.224237 0.588537
0 0.896304 0.665311 0.166075 0.662169
0 0.422119 0.766346 0.198848 0.457431
0 0.269994 0.823404 0.146758 0.351411
0 0.052853 0.856210 0.105431 0.287581
0 0.465194 0.706263 0.120314 0.553375
0 0.172930 0.817080 0.102295 0.360207
0 0.067830 0.711046 0.116916 0.421374
0 0.157755 0.618183 0.104324 0.275314
0 0.344254 0.626915 0.084353 0.368924
0 0.257704 0.533244 0.072342 0.262475
0 0.556657 0.527337 0.068972 0.211014
0 0.555706 0.610356 0.071147 0.375633
0 0.957199 0.905973 0.084765 0.185496
