0 0.307945 0.744068 0.133145 0.500544
0 0.462130 0.784785 0.149129 0.423621
0 0.627839 0.742653 0.108096 0.504121
0 0.724222 0.756183 0.085423 0.452477
0 0.099496 0.788411 0.160918 0.411621
0 0.191931 0.803023 0.119618 0.382175
0 0.549097 0.708407 0.072512 0.486146
0 0.069080 0.819263 0.138160 0.354940
0 0.376590 0.789834 0.062078 0.405698
0 0.428027 0.624524 0.072013 0.323741
0 0.492757 0.527318 0.073351 0.154284
0 0.979650 0.466592 0.040102 0.747816
0 0.197340 0.617979 0.057988 0.217320
0 0.042608 0.818772 0.085215 0.351982
0 0.981348 0.633050 0.036849 0.463936
0 0.101481 0.614104 0.071386 0.224411
