0 0.479675 0.746999 0.126295 0.495368
0 0.308351 0.741361 0.125812 0.506512
0 0.587753 0.793574 0.106063 0.405620
0 0.193112 0.739618 0.110051 0.507188
0 0.695337 0.811440 0.177180 0.369594
0 0.031045 0.768024 0.062014 0.445187
0 0.824817 0.639831 0.101158 0.405781
0 0.097175 0.606383 0.053115 0.240434
0 0.903266 0.694043 0.153202 0.466802
26 0.218286 0.693134 0.059033 0.238840
0 0.763900 0.636145 0.072320 0.433816
0 0.631884 0.675342 0.086801 0.447070
0 0.041256 0.577073 0.048785 0.245455
0 0.880510 0.898223 0.216397 0.203554
0 0.714502 0.524267 0.054725 0.188619
0 0.228812 0.528994 0.040155 0.128030
0 0.983391 0.731567 0.032712 0.481715
26 0.076901 0.581960 0.023836 0.073351
0 0.072666 0.546551 0.030833 0.162280
