0 0.882795 0.755022 0.081717 0.481610
0 0.299594 0.847963 0.186928 0.303690
0 0.780027 0.838671 0.135254 0.320761
0 0.140562 0.747868 0.103073 0.498284
0 0.550270 0.581598 0.068848 0.246741
0 0.710452 0.621906 0.086890 0.339585
0 0.399555 0.750633 0.107820 0.483001
0 0.637665 0.852091 0.197822 0.295817
0 0.024484 0.582179 0.048969 0.248439
0 0.798391 0.675793 0.092758 0.432518
0 0.498950 0.792073 0.100817 0.409174
0 0.266226 0.702153 0.185652 0.424601
0 0.087798 0.611333 0.042391 0.235474
26 0.155929 0.698864 0.060263 0.224475
0 0.399830 0.669110 0.104303 0.320906
0 0.209795 0.652542 0.059281 0.326410
0 0.601971 0.727757 0.135721 0.544486
0 0.058137 0.551360 0.031626 0.170603
