0 0.957548 0.724005 0.084496 0.548018
0 0.702102 0.799344 0.101177 0.394822
0 0.354637 0.737994 0.192578 0.513856
0 0.583721 0.746545 0.153833 0.495023
0 0.847118 0.777822 0.136115 0.428136
0 0.074379 0.795188 0.099493 0.404142
0 0.737806 0.709299 0.103705 0.520322
0 0.235058 0.756558 0.099898 0.486884
0 0.023543 0.815594 0.046758 0.352766
0 0.847965 0.542412 0.066797 0.243419
0 0.904576 0.705518 0.069444 0.449575
0 0.125364 0.615062 0.051525 0.255894
0 0.032529 0.616572 0.054823 0.202315
0 0.068900 0.527742 0.046498 0.139325
0 0.181415 0.718459 0.046297 0.438880
