0 0.626075 0.744220 0.114755 0.508422
0 0.423588 0.787754 0.119964 0.415704
0 0.302072 0.743195 0.128086 0.502509
0 0.716121 0.754461 0.080845 0.449723
0 0.089809 0.789551 0.157744 0.417568
0 0.184404 0.805228 0.116039 0.380388
0 0.544769 0.704518 0.070309 0.490971
0 0.062243 0.812797 0.124487 0.362226
0 0.975574 0.672040 0.048466 0.600393
0 0.485215 0.516693 0.067241 0.133731
0 0.100255 0.624344 0.073164 0.227676
0 0.501508 0.727619 0.086778 0.377020
0 0.189260 0.635042 0.060140 0.232415
0 0.427245 0.534792 0.069507 0.156739
0 0.500628 0.876759 0.058328 0.235136
