0 0.634335 0.789658 0.182765 0.414095
0 0.105448 0.853060 0.209904 0.293881
0 0.768041 0.752279 0.084741 0.467672
0 0.302078 0.815167 0.113469 0.357462
0 0.197148 0.807714 0.127782 0.384573
0 0.463698 0.728898 0.083643 0.499592
0 0.408392 0.794711 0.080550 0.407509
0 0.591617 0.556900 0.067054 0.193237
0 0.103345 0.626776 0.081410 0.232376
0 0.522919 0.700053 0.083442 0.301957
0 0.030169 0.800871 0.060338 0.372649
0 0.671591 0.654125 0.112048 0.336957
0 0.538010 0.539586 0.059812 0.187473
0 0.514418 0.888292 0.072032 0.218815
0 0.338651 0.728630 0.085000 0.445872
0 0.257798 0.658612 0.088869 0.340403
0 0.284036 0.659907 0.138354 0.343350
