0 0.633771 0.697787 0.215035 0.590232
0 0.872849 0.666937 0.155919 0.651044
0 0.382975 0.767938 0.180356 0.451649
0 0.461673 0.715492 0.116573 0.555890
0 0.241274 0.815661 0.147001 0.367971
0 0.051143 0.857572 0.102197 0.284856
0 0.546426 0.621100 0.076857 0.391655
0 0.153956 0.815429 0.085733 0.364200
0 0.057788 0.713745 0.113280 0.397874
0 0.150779 0.624070 0.105587 0.268156
0 0.956047 0.861033 0.087431 0.218614
0 0.252613 0.572762 0.084624 0.322643
0 0.342243 0.579617 0.080101 0.248119
0 0.076952 0.557096 0.048259 0.169721
