0 0.296785 0.735834 0.131903 0.513789
0 0.910096 0.721379 0.167984 0.545989
0 0.438417 0.749002 0.115732 0.491952
0 0.171848 0.741466 0.109185 0.505169
0 0.597549 0.613450 0.078867 0.314401
0 0.787289 0.683139 0.100340 0.474558
0 0.510971 0.792808 0.153346 0.397470
0 0.094521 0.605594 0.042204 0.237645
0 0.587509 0.887262 0.138720 0.223089
0 0.031629 0.584654 0.048111 0.262463
0 0.024194 0.735841 0.048284 0.520152
0 0.660968 0.730053 0.115855 0.331444
0 0.716759 0.775504 0.230178 0.430589
26 0.191568 0.696591 0.072524 0.246668
0 0.698702 0.654654 0.069560 0.436112
0 0.234138 0.718599 0.058858 0.475460
0 0.233495 0.618436 0.058401 0.274193
0 0.191004 0.533878 0.041936 0.171718
0 0.858027 0.597346 0.077347 0.274373
0 0.692703 0.561925 0.057833 0.240367
0 0.067379 0.551719 0.027359 0.169024
