0 0.931655 0.667369 0.134642 0.582447
0 0.669495 0.737847 0.088241 0.435562
0 0.596594 0.731127 0.120038 0.498110
0 0.924050 0.251296 0.092595 0.268136
0 0.402718 0.700127 0.081259 0.488875
0 0.056498 0.786009 0.112997 0.420100
0 0.279693 0.782657 0.120828 0.428073
0 0.457227 0.869742 0.065080 0.260516
0 0.165768 0.725910 0.090016 0.470277
0 0.520941 0.720886 0.083716 0.490474
0 0.356859 0.789412 0.062957 0.406188
0 0.472848 0.750272 0.090720 0.451602
0 0.110447 0.808925 0.117727 0.375092
0 0.275628 0.655563 0.125691 0.345378
0 0.095173 0.633712 0.089302 0.249727
