0 0.285121 0.739197 0.108787 0.508312
0 0.380962 0.793317 0.119991 0.402026
0 0.620139 0.739978 0.124607 0.505220
0 0.962571 0.674560 0.074161 0.605675
0 0.074555 0.792525 0.149111 0.409710
0 0.700280 0.753390 0.076648 0.439133
0 0.535054 0.705164 0.074783 0.477813
0 0.157398 0.807495 0.107405 0.380832
0 0.490514 0.737110 0.102323 0.397750
0 0.420608 0.667751 0.075165 0.419557
0 0.965706 0.257821 0.067738 0.302959
0 0.092264 0.635120 0.064667 0.220888
0 0.481682 0.875197 0.074799 0.239737
0 0.509806 0.710308 0.125190 0.453073
0 0.082825 0.533898 0.042832 0.130405
0 0.175283 0.743951 0.077267 0.446348
0 0.503317 0.877580 0.107984 0.244840
