0 0.390619 0.732721 0.166849 0.522110
0 0.768809 0.799477 0.115903 0.393658
0 0.642689 0.748166 0.166444 0.492066
0 0.913602 0.789011 0.148109 0.412320
0 0.055225 0.794542 0.110211 0.404033
0 0.783950 0.706793 0.152633 0.542991
0 0.264406 0.739038 0.112938 0.506919
0 0.140491 0.801278 0.120712 0.389534
0 0.921488 0.566572 0.074585 0.306596
0 0.977984 0.670841 0.043512 0.515426
0 0.537464 0.934986 0.052060 0.127272
0 0.073495 0.639949 0.068670 0.253566
0 0.337261 0.558677 0.055311 0.175186
0 0.310182 0.543636 0.051857 0.180912
