0 0.339374 0.734530 0.201400 0.517464
0 0.569147 0.742231 0.148996 0.501626
0 0.825049 0.782274 0.135072 0.428179
0 0.682797 0.801642 0.098820 0.392106
0 0.943570 0.728174 0.102951 0.543652
0 0.726054 0.708399 0.097541 0.508497
0 0.061142 0.803686 0.102417 0.382444
0 0.231152 0.752217 0.093789 0.488412
0 0.826408 0.537114 0.060730 0.229846
0 0.880443 0.675544 0.070526 0.543818
0 0.027253 0.618422 0.054505 0.211717
0 0.124077 0.608914 0.053212 0.234340
0 0.959647 0.496992 0.070427 0.210614
0 0.065893 0.535664 0.046440 0.142838
26 0.260825 0.767639 0.062987 0.260159
26 0.259560 0.819376 0.059537 0.157942
0 0.016937 0.807437 0.033874 0.378290
0 0.878380 0.577057 0.061160 0.353741
0 0.476651 0.920188 0.043237 0.159624
